4.96474236 0.36884672 18.22091720 1.10306969
4.96548050 0.37165816 18.34422114 1.12831855
4.96556352 0.35315181 18.34608650 1.17205882
4.96562226 0.35107275 18.34098126 1.17588366
4.96609550 0.34198417 18.40166091 1.22213281
4.96631613 0.34512481 18.41772305 1.21563871
4.96684925 0.35962604 18.22806917 1.14022281
4.96685617 0.35328893 18.36204946 1.16715302
4.96696244 0.35111655 18.41032551 1.18873239
4.96698504 0.32693304 18.36417790 1.25901673
4.96717157 0.36699631 18.40691695 1.15061969
4.96777479 0.29572747 18.64756311 1.44891640
4.96789333 0.31932196 18.42161341 1.28961429
4.96791750 0.30375536 18.63613589 1.41468079
4.96792224 0.29130422 18.67447813 1.47711911
4.96818500 0.28980404 18.67899376 1.48868783
4.96819092 0.33531371 18.25008370 1.20327869
4.96821590 0.33787167 18.45315089 1.26404755
4.96824942 0.30065747 18.60203474 1.40644590
4.96827322 0.28212989 18.67192701 1.51363636
4.96836754 0.36252570 18.22628055 1.13783784
4.96843330 0.35291155 18.39889427 1.20846524
4.96852954 0.32648796 18.53293593 1.31996693
4.96855509 0.29298494 18.72154491 1.47799548
4.96865755 0.26590241 18.94668035 1.67694768
4.96879008 0.30167806 18.46164189 1.37468820
4.96890000 0.31229200 18.65009414 1.39151953
4.96890150 0.34482528 18.18210929 1.16414021
4.96907550 0.26954407 18.73239678 1.57908314
4.96908536 0.26425728 18.83549662 1.65192308
4.96919259 0.32354888 18.35780538 1.28226245
4.96928748 0.31229200 18.60307177 1.39151953
4.96929364 0.31893859 18.38858845 1.27756856
4.96936845 0.25442516 18.89471281 1.70307692
4.96938629 0.32687699 18.57902774 1.33170282
4.96947234 0.23098839 19.24926418 1.97642616
4.96950576 0.26436401 18.87799633 1.67166667
4.96953201 0.26419004 18.96054069 1.70122699
4.96958718 0.23632316 19.22148595 1.94287078
4.96963688 0.32015198 18.60227288 1.33837968
4.96980774 0.28980404 18.73704090 1.48868783
4.96990408 0.30143362 18.59322209 1.39431818
4.96998318 0.24715596 18.94351377 1.76201550
4.97001340 0.23374526 19.17096188 1.91777906
4.97012075 0.33324626 18.41445000 1.23209474
4.97012226 0.34366449 18.23672524 1.19333333
4.97014306 0.25666680 18.83842297 1.67067484
4.97017330 0.32062438 18.53174983 1.34828382
4.97017753 0.27762108 18.88729722 1.61621336
4.97018265 0.26990099 18.94511327 1.67152279
