#Coor		Free	+/-		Prob		+/-
-34.883721	1.328981	0.010347	0.002234	0.000039
-34.651163	1.316311	0.011225	0.002282	0.000043
-34.418605	1.315083	0.010102	0.002286	0.000039
-34.186047	1.317936	0.011035	0.002276	0.000042
-33.953488	1.329706	0.010676	0.002231	0.000040
-33.720930	1.315912	0.009305	0.002283	0.000036
-33.488372	1.312305	0.007516	0.002297	0.000029
-33.255814	1.333383	0.009869	0.002217	0.000037
-33.023256	1.334229	0.009337	0.002214	0.000035
-32.790698	1.326879	0.008345	0.002242	0.000031
-32.558140	1.312769	0.007929	0.002295	0.000031
-32.325581	1.319662	0.006379	0.002269	0.000024
-32.093023	1.315261	0.007094	0.002286	0.000027
-31.860465	1.317484	0.008557	0.002277	0.000033
-31.627907	1.311015	0.006992	0.002302	0.000027
-31.395349	1.311955	0.005864	0.002299	0.000023
-31.162791	1.316916	0.008430	0.002279	0.000032
-30.930233	1.337010	0.009294	0.002204	0.000034
-30.697674	1.332096	0.006700	0.002222	0.000025
-30.465116	1.328618	0.005518	0.002235	0.000021
-30.232558	1.332889	0.008080	0.002219	0.000030
-30.000000	1.338393	0.006436	0.002199	0.000024
-29.767442	1.331321	0.006256	0.002225	0.000023
-29.534884	1.315940	0.005862	0.002283	0.000022
-29.302326	1.310687	0.003805	0.002303	0.000015
-29.069767	1.303138	0.003139	0.002333	0.000012
-28.837209	1.287310	0.002791	0.002396	0.000011
-28.604651	1.298206	0.003274	0.002352	0.000013
-28.372093	1.306041	0.002467	0.002321	0.000010
-28.139535	1.315728	0.002130	0.002284	0.000008
-27.906977	1.310977	0.001684	0.002302	0.000007
-27.674419	1.295253	0.002756	0.002364	0.000011
-27.441860	1.284846	0.001493	0.002406	0.000006
-27.209302	1.291031	0.002267	0.002381	0.000009
-26.976744	1.290036	0.000937	0.002385	0.000004
-26.744186	1.274559	0.001437	0.002448	0.000006
-26.511628	1.254539	0.001507	0.002531	0.000006
-26.279070	1.249603	0.001457	0.002553	0.000006
-26.046512	1.238817	0.000796	0.002599	0.000003
-25.813953	1.218689	0.001754	0.002689	0.000008
-25.581395	1.189305	0.001836	0.002825	0.000009
-25.348837	1.161974	0.001298	0.002958	0.000006
-25.116279	1.140233	0.001546	0.003068	0.000008
-24.883721	1.102450	0.002372	0.003269	0.000013
-24.651163	1.046243	0.001595	0.003593	0.000010
-24.418605	0.987414	0.002342	0.003966	0.000016
-24.186047	0.928418	0.003105	0.004380	0.000023
-23.953488	0.864178	0.003307	0.004879	0.000027
-23.720930	0.781505	0.002447	0.005607	0.000023
-23.488372	0.694011	0.002264	0.006495	0.000025
-23.255814	0.611640	0.002232	0.007460	0.000028
-23.023256	0.539710	0.003027	0.008418	0.000043
-22.790698	0.462584	0.002806	0.009584	0.000045
-22.558140	0.376939	0.002629	0.011068	0.000049
-22.325581	0.307485	0.001301	0.012439	0.000027
-22.093023	0.245918	0.003303	0.013795	0.000077
-21.860465	0.184992	0.002151	0.015283	0.000055
-21.627907	0.125704	0.002655	0.016884	0.000075
-21.395349	0.081503	0.002836	0.018187	0.000087
-21.162791	0.050131	0.002992	0.019171	0.000096
-20.930233	0.026795	0.003103	0.019938	0.000104
-20.697674	0.007927	0.002702	0.020581	0.000094
-20.465116	0.000017	0.002701	0.020856	0.000095
-20.232558	0.027257	0.004659	0.019923	0.000156
-20.000000	0.072205	0.003805	0.018473	0.000118
-19.767442	0.116336	0.003615	0.017152	0.000104
-19.534884	0.166828	0.003402	0.015756	0.000090
-19.302326	0.231158	0.002922	0.014141	0.000070
-19.069767	0.303232	0.002607	0.012528	0.000055
-18.837209	0.384490	0.003096	0.010928	0.000057
-18.604651	0.479052	0.002807	0.009322	0.000044
-18.372093	0.606522	0.002771	0.007524	0.000035
-18.139535	0.743879	0.003166	0.005973	0.000032
-17.906977	0.877321	0.002640	0.004773	0.000021
-17.674419	1.014638	0.002885	0.003789	0.000018
-17.441860	1.173418	0.002626	0.002901	0.000013
-17.209302	1.336501	0.002637	0.002206	0.000010
-16.976744	1.496305	0.003039	0.001686	0.000009
-16.744186	1.644428	0.002303	0.001314	0.000005
-16.511628	1.795794	0.003073	0.001019	0.000005
-16.279070	1.954657	0.003132	0.000780	0.000004
-16.046512	2.095926	0.002852	0.000615	0.000003
-15.813953	2.220539	0.003620	0.000499	0.000003
-15.581395	2.332522	0.002702	0.000413	0.000002
-15.348837	2.435885	0.003451	0.000347	0.000002
-15.116279	2.517804	0.003756	0.000303	0.000002
-14.883721	2.568112	0.002932	0.000278	0.000001
-14.651163	2.593007	0.003900	0.000267	0.000002
-14.418605	2.610708	0.004547	0.000259	0.000002
-14.186047	2.626316	0.004325	0.000252	0.000002
-13.953488	2.630792	0.003690	0.000250	0.000002
-13.720930	2.619622	0.003617	0.000255	0.000002
-13.488372	2.603593	0.004761	0.000262	0.000002
-13.255814	2.583313	0.003132	0.000271	0.000001
-13.023256	2.569061	0.003842	0.000278	0.000002
-12.790698	2.554328	0.004707	0.000285	0.000002
-12.558140	2.544357	0.004435	0.000290	0.000002
-12.325581	2.536934	0.002843	0.000293	0.000001
-12.093023	2.532696	0.003110	0.000295	0.000002
-11.860465	2.531492	0.003693	0.000296	0.000002
-11.627907	2.522562	0.004414	0.000300	0.000002
-11.395349	2.515368	0.003962	0.000304	0.000002
-11.162791	2.514614	0.004203	0.000304	0.000002
-10.930233	2.506450	0.003674	0.000309	0.000002
-10.697674	2.504872	0.003840	0.000309	0.000002
-10.465116	2.506231	0.003961	0.000309	0.000002
-10.232558	2.509444	0.003764	0.000307	0.000002
-10.000000	2.515255	0.003702	0.000304	0.000002
-9.767442	2.520809	0.004509	0.000301	0.000002
-9.534884	2.519556	0.004583	0.000302	0.000002
-9.302326	2.517000	0.002899	0.000303	0.000001
-9.069767	2.515135	0.004105	0.000304	0.000002
-8.837209	2.508211	0.002865	0.000308	0.000001
-8.604651	2.501123	0.003930	0.000311	0.000002
-8.372093	2.499048	0.003289	0.000312	0.000002
-8.139535	2.504220	0.003522	0.000310	0.000002
-7.906977	2.505936	0.003055	0.000309	0.000002
-7.674419	2.509865	0.003198	0.000307	0.000002
-7.441860	2.500788	0.003683	0.000312	0.000002
-7.209302	2.494668	0.003801	0.000315	0.000002
-6.976744	2.493511	0.002720	0.000315	0.000001
-6.744186	2.486545	0.003101	0.000319	0.000002
-6.511628	2.486584	0.003899	0.000319	0.000002
-6.279070	2.493569	0.002920	0.000315	0.000002
-6.046512	2.494288	0.003883	0.000315	0.000002
-5.813953	2.495446	0.003739	0.000314	0.000002
-5.581395	2.494229	0.003685	0.000315	0.000002
-5.348837	2.493592	0.003544	0.000315	0.000002
-5.116279	2.494565	0.003186	0.000315	0.000002
-4.883721	2.494676	0.002903	0.000315	0.000002
-4.651163	2.489355	0.003825	0.000318	0.000002
-4.418605	2.477722	0.003436	0.000324	0.000002
-4.186047	2.464230	0.002767	0.000331	0.000002
-3.953488	2.458408	0.003196	0.000335	0.000002
-3.720930	2.446048	0.002938	0.000342	0.000002
-3.488372	2.434580	0.002239	0.000348	0.000001
-3.255814	2.430598	0.003702	0.000351	0.000002
-3.023256	2.435661	0.004520	0.000348	0.000003
-2.790698	2.437106	0.003034	0.000347	0.000002
-2.558140	2.437804	0.002861	0.000346	0.000002
-2.325581	2.436827	0.003666	0.000347	0.000002
-2.093023	2.438423	0.002967	0.000346	0.000002
-1.860465	2.439329	0.003148	0.000345	0.000002
-1.627907	2.435738	0.003729	0.000348	0.000002
-1.395349	2.436287	0.003202	0.000347	0.000002
-1.162791	2.441488	0.002661	0.000344	0.000002
-0.930233	2.446014	0.004877	0.000342	0.000003
-0.697674	2.445943	0.004201	0.000342	0.000002
-0.465116	2.455679	0.002861	0.000336	0.000002
-0.232558	2.466952	0.003603	0.000330	0.000002
0.000000	2.467966	0.004266	0.000329	0.000002
0.232558	2.466952	0.003805	0.000330	0.000002
0.465116	2.455677	0.003322	0.000336	0.000002
0.697674	2.445943	0.004024	0.000342	0.000002
0.930233	2.446011	0.002056	0.000342	0.000001
1.162791	2.441502	0.003034	0.000344	0.000002
1.395349	2.436278	0.002314	0.000347	0.000001
1.627907	2.435738	0.003363	0.000348	0.000002
1.860465	2.439329	0.003068	0.000345	0.000002
2.093023	2.438421	0.002714	0.000346	0.000002
2.325581	2.436831	0.002324	0.000347	0.000001
2.558140	2.437811	0.002104	0.000346	0.000001
2.790698	2.437091	0.002137	0.000347	0.000001
3.023256	2.435665	0.002233	0.000348	0.000001
3.255814	2.430597	0.003418	0.000351	0.000002
3.488372	2.434582	0.003405	0.000348	0.000002
3.720930	2.446040	0.003177	0.000342	0.000002
3.953488	2.458419	0.001672	0.000335	0.000001
4.186047	2.464222	0.002614	0.000331	0.000001
4.418605	2.477721	0.003268	0.000324	0.000002
4.651163	2.489356	0.002388	0.000318	0.000001
4.883721	2.494687	0.002394	0.000315	0.000001
5.116279	2.494544	0.003144	0.000315	0.000002
5.348837	2.493593	0.001890	0.000315	0.000001
5.581395	2.494232	0.003204	0.000315	0.000002
5.813953	2.495443	0.003078	0.000314	0.000002
6.046512	2.494290	0.002780	0.000315	0.000001
6.279070	2.493561	0.003085	0.000315	0.000002
6.511628	2.486584	0.002529	0.000319	0.000001
6.744186	2.486537	0.003044	0.000319	0.000002
6.976744	2.493507	0.002313	0.000315	0.000001
7.209302	2.494667	0.002791	0.000315	0.000001
7.441860	2.500777	0.003138	0.000312	0.000002
7.674419	2.509864	0.002363	0.000307	0.000001
7.906977	2.505933	0.002873	0.000309	0.000001
8.139535	2.504219	0.002386	0.000310	0.000001
8.372093	2.499040	0.003506	0.000312	0.000002
8.604651	2.501123	0.003185	0.000311	0.000002
8.837209	2.508210	0.003016	0.000308	0.000002
9.069767	2.515132	0.002596	0.000304	0.000001
9.302326	2.516997	0.001657	0.000303	0.000001
9.534884	2.519555	0.002246	0.000302	0.000001
9.767442	2.520811	0.002767	0.000301	0.000001
10.000000	2.515258	0.001908	0.000304	0.000001
10.232558	2.509437	0.002531	0.000307	0.000001
10.465116	2.506214	0.002753	0.000309	0.000001
10.697674	2.504864	0.002335	0.000309	0.000001
10.930233	2.506461	0.001198	0.000309	0.000001
11.162791	2.514590	0.001359	0.000304	0.000001
11.395349	2.515358	0.001668	0.000304	0.000001
11.627907	2.522599	0.001498	0.000300	0.000001
11.860465	2.531442	0.002042	0.000296	0.000001
12.093023	2.532689	0.002164	0.000295	0.000001
12.325581	2.536936	0.001062	0.000293	0.000001
12.558140	2.544322	0.001152	0.000290	0.000001
12.790698	2.554336	0.002156	0.000285	0.000001
13.023256	2.569057	0.001167	0.000278	0.000001
13.255814	2.583310	0.002572	0.000271	0.000001
13.488372	2.603545	0.002184	0.000262	0.000001
13.720930	2.619622	0.001323	0.000255	0.000001
13.953488	2.630749	0.002285	0.000250	0.000001
14.186047	2.626297	0.002735	0.000252	0.000001
14.418605	2.610670	0.001744	0.000259	0.000001
14.651163	2.592976	0.002376	0.000267	0.000001
14.883721	2.568201	0.002235	0.000278	0.000001
15.116279	2.517639	0.000547	0.000303	0.000000
15.348837	2.435832	0.001104	0.000348	0.000001
15.581395	2.332462	0.002168	0.000413	0.000002
15.813953	2.220514	0.002812	0.000499	0.000002
16.046512	2.095863	0.002305	0.000615	0.000002
16.279070	1.954593	0.003160	0.000780	0.000004
16.511628	1.795735	0.003836	0.001019	0.000007
16.744186	1.644397	0.003565	0.001314	0.000008
16.976744	1.496223	0.004015	0.001686	0.000011
17.209302	1.336449	0.003926	0.002206	0.000015
17.441860	1.173384	0.003378	0.002901	0.000017
17.674419	1.014586	0.004204	0.003789	0.000027
17.906977	0.877280	0.004388	0.004773	0.000035
18.139535	0.743831	0.003330	0.005973	0.000034
18.372093	0.606470	0.002548	0.007525	0.000032
18.604651	0.479002	0.002832	0.009323	0.000044
18.837209	0.384453	0.003671	0.010929	0.000067
19.069767	0.303177	0.003120	0.012529	0.000066
19.302326	0.231091	0.002375	0.014143	0.000056
19.534884	0.166801	0.003009	0.015757	0.000080
19.767442	0.116284	0.002706	0.017154	0.000078
20.000000	0.072183	0.003408	0.018474	0.000106
20.232558	0.027241	0.003156	0.019923	0.000105
20.465116	0.000000	0.002104	0.020857	0.000074
20.697674	0.007888	0.003166	0.020582	0.000110
20.930233	0.026769	0.002665	0.019939	0.000089
21.162791	0.050100	0.003779	0.019172	0.000122
21.395349	0.081478	0.003652	0.018187	0.000111
21.627907	0.125647	0.003498	0.016886	0.000099
21.860465	0.184962	0.003957	0.015283	0.000101
22.093023	0.245855	0.003436	0.013796	0.000080
22.325581	0.307484	0.002080	0.012439	0.000043
22.558140	0.376918	0.003144	0.011068	0.000058
22.790698	0.462573	0.001604	0.009584	0.000026
23.023256	0.539674	0.002666	0.008419	0.000038
23.255814	0.611589	0.003585	0.007460	0.000045
23.488372	0.693997	0.003668	0.006495	0.000040
23.720930	0.781490	0.003501	0.005607	0.000033
23.953488	0.864146	0.003407	0.004880	0.000028
24.186047	0.928408	0.004188	0.004380	0.000031
24.418605	0.987353	0.004518	0.003967	0.000030
24.651163	1.046226	0.004012	0.003593	0.000024
24.883721	1.102546	0.003156	0.003268	0.000017
25.116279	1.140057	0.003904	0.003069	0.000020
25.348837	1.161943	0.003229	0.002958	0.000016
25.581395	1.189253	0.003969	0.002825	0.000019
25.813953	1.218639	0.003558	0.002689	0.000016
26.046512	1.238740	0.003208	0.002600	0.000014
26.279070	1.249562	0.004000	0.002553	0.000017
26.511628	1.254461	0.003174	0.002532	0.000014
26.744186	1.274547	0.003759	0.002448	0.000015
26.976744	1.290006	0.005033	0.002385	0.000020
27.209302	1.290970	0.003368	0.002381	0.000013
27.441860	1.284774	0.003453	0.002406	0.000014
27.674419	1.295222	0.002723	0.002364	0.000011
27.906977	1.310924	0.003686	0.002303	0.000014
28.139535	1.315659	0.003582	0.002284	0.000014
28.372093	1.305980	0.003495	0.002322	0.000014
28.604651	1.298141	0.004684	0.002353	0.000019
28.837209	1.287267	0.004342	0.002396	0.000018
29.069767	1.303042	0.003739	0.002333	0.000015
29.302326	1.310636	0.006258	0.002304	0.000024
29.534884	1.315847	0.002742	0.002284	0.000010
29.767442	1.331210	0.006591	0.002225	0.000025
30.000000	1.338368	0.005591	0.002199	0.000021
30.232558	1.332847	0.008799	0.002219	0.000033
30.465116	1.328452	0.011401	0.002236	0.000043
30.697674	1.332042	0.013361	0.002222	0.000050
30.930233	1.336863	0.013541	0.002204	0.000050
31.162791	1.316886	0.014704	0.002280	0.000056
31.395349	1.311812	0.014751	0.002299	0.000056
31.627907	1.310942	0.012279	0.002302	0.000047
31.860465	1.317333	0.014372	0.002278	0.000053
32.093023	1.315109	0.012430	0.002286	0.000047
32.325581	1.319600	0.012402	0.002269	0.000046
32.558140	1.312628	0.012870	0.002296	0.000048
32.790698	1.326775	0.012940	0.002242	0.000047
33.023256	1.334092	0.012886	0.002215	0.000047
33.255814	1.333211	0.014857	0.002218	0.000054
33.488372	1.312260	0.016976	0.002297	0.000064
33.720930	1.315782	0.013841	0.002284	0.000052
33.953488	1.329653	0.014769	0.002231	0.000054
34.186047	1.317820	0.017001	0.002276	0.000063
34.418605	1.315012	0.016940	0.002287	0.000063
34.651163	1.316292	0.018907	0.002282	0.000071
34.883721	1.328932	0.018630	0.002234	0.000068
#Window		Free	+/-	
#0	0.000000	0.000000
#1	-0.411720	0.001819
#2	-0.409032	0.003191
#3	-0.418428	0.004262
#4	-0.409492	0.006837
#5	-0.404717	0.007312
#6	-0.431391	0.010813
#7	-0.430400	0.010927
#8	-0.453692	0.010782
#9	-0.508717	0.010252
#10	-0.631444	0.011003
#11	-0.882104	0.011257
#12	-1.217531	0.011865
#13	-1.515622	0.011567
#14	-1.690818	0.011491
#15	-1.655914	0.012190
#16	-1.406993	0.012324
#17	-0.946049	0.012218
#18	-0.315860	0.011839
#19	0.327122	0.012445
#20	0.770137	0.012830
#21	0.881282	0.013599
#22	0.835053	0.013148
#23	0.797199	0.012730
#24	0.776551	0.012728
#25	0.779589	0.012923
#26	0.776710	0.012817
#27	0.769553	0.012827
#28	0.759133	0.012796
#29	0.758793	0.012975
#30	0.756698	0.012804
#31	0.724124	0.012699
#32	0.701505	0.013160
#33	0.703302	0.013160
#34	0.710054	0.013611
#35	0.727359	0.013417
#36	0.710055	0.012958
#37	0.703302	0.012639
#38	0.701504	0.012533
#39	0.724124	0.012650
#40	0.756696	0.012682
#41	0.758791	0.012932
#42	0.759128	0.012561
#43	0.769549	0.012323
#44	0.776708	0.012235
#45	0.779586	0.011942
#46	0.776545	0.011470
#47	0.797188	0.011719
#48	0.835043	0.011777
#49	0.881257	0.011964
#50	0.770093	0.011464
#51	0.327068	0.011820
#52	-0.315913	0.012386
#53	-0.946096	0.012052
#54	-1.407042	0.011891
#55	-1.655943	0.011284
#56	-1.690848	0.012311
#57	-1.515659	0.011709
#58	-1.217558	0.010621
#59	-0.882129	0.010964
#60	-0.631478	0.011207
#61	-0.508774	0.010531
#62	-0.453737	0.010141
#63	-0.430456	0.010470
#64	-0.431460	0.009123
#65	-0.404793	0.008925
#66	-0.409589	0.011814
#67	-0.418546	0.010210
#68	-0.409154	0.008415
#69	-0.411806	0.009110
#70	-0.000046	0.010890
#71	0.423209	0.013126
#72	0.388150	0.012835
#73	0.369241	0.012773
#74	0.366029	0.012823
#75	0.363302	0.012850
#76	0.356321	0.012846
#77	0.349159	0.012817
#78	0.345653	0.012866
#79	0.337703	0.012838
#80	0.313511	0.012841
#81	0.294287	0.013020
#82	0.292194	0.013211
#83	0.299799	0.013429
#84	0.307220	0.013362
#85	0.299800	0.013013
#86	0.292194	0.012643
#87	0.294286	0.012583
#88	0.313510	0.012685
#89	0.337702	0.012731
#90	0.345650	0.012790
#91	0.349155	0.012578
#92	0.356318	0.012384
#93	0.363300	0.012191
#94	0.366025	0.011876
#95	0.369235	0.011650
#96	0.388140	0.011664
#97	0.423195	0.011763
#98	0.000000	0.000000
#99	-0.411720	0.001819
#100	-0.409032	0.003191
#101	-0.418428	0.004262
#102	-0.409492	0.006837
#103	-0.404717	0.007312
#104	-0.431391	0.010813
#105	-0.430400	0.010927
#106	-0.453692	0.010782
#107	-0.508717	0.010252
#108	-0.631444	0.011003
#109	-0.882104	0.011257
#110	-1.217531	0.011865
#111	-1.515622	0.011567
#112	-1.690818	0.011491
#113	-1.655914	0.012190
#114	-1.406993	0.012324
#115	-0.946049	0.012218
#116	-0.315860	0.011839
#117	0.327122	0.012445
#118	0.770137	0.012830
#119	0.881282	0.013599
#120	0.835053	0.013148
#121	0.797199	0.012730
#122	0.776551	0.012728
#123	0.779589	0.012923
#124	0.776710	0.012817
#125	0.769553	0.012827
#126	0.759133	0.012796
#127	0.758793	0.012975
#128	0.756698	0.012804
#129	0.724124	0.012699
#130	0.701505	0.013160
#131	0.703302	0.013160
#132	0.710054	0.013611
#133	0.727359	0.013417
#134	0.710055	0.012958
#135	0.703302	0.012639
#136	0.701504	0.012533
#137	0.724124	0.012650
#138	0.756696	0.012682
#139	0.758791	0.012932
#140	0.759128	0.012561
#141	0.769549	0.012323
#142	0.776708	0.012235
#143	0.779586	0.011942
#144	0.776545	0.011470
#145	0.797188	0.011719
#146	0.835043	0.011777
#147	0.881257	0.011964
#148	0.770093	0.011464
#149	0.327068	0.011820
#150	-0.315913	0.012386
#151	-0.946096	0.012052
#152	-1.407042	0.011891
#153	-1.655943	0.011284
#154	-1.690848	0.012311
#155	-1.515659	0.011709
#156	-1.217558	0.010621
#157	-0.882129	0.010964
#158	-0.631478	0.011207
#159	-0.508774	0.010531
#160	-0.453737	0.010141
#161	-0.430456	0.010470
#162	-0.431460	0.009123
#163	-0.404793	0.008925
#164	-0.409589	0.011814
#165	-0.418546	0.010210
#166	-0.409154	0.008415
#167	-0.411806	0.009110
#168	-0.000046	0.010890
#169	0.423209	0.013126
#170	0.388150	0.012835
#171	0.369241	0.012773
#172	0.366029	0.012823
#173	0.363302	0.012850
#174	0.356321	0.012846
#175	0.349159	0.012817
#176	0.345653	0.012866
#177	0.337703	0.012838
#178	0.313511	0.012841
#179	0.294287	0.013020
#180	0.292194	0.013211
#181	0.299799	0.013429
#182	0.307220	0.013362
#183	0.299800	0.013013
#184	0.292194	0.012643
#185	0.294286	0.012583
#186	0.313510	0.012685
#187	0.337702	0.012731
#188	0.345650	0.012790
#189	0.349155	0.012578
#190	0.356318	0.012384
#191	0.363300	0.012191
#192	0.366025	0.011876
#193	0.369235	0.011650
#194	0.388140	0.011664
#195	0.423195	0.011763
