#Coor		Free	+/-		Prob		+/-
-34.883721	1.333986	0.006553	0.002037	0.000023
-34.651163	1.328913	0.006519	0.002054	0.000023
-34.418605	1.322976	0.007903	0.002075	0.000028
-34.186047	1.329129	0.004741	0.002054	0.000016
-33.953488	1.330842	0.006154	0.002048	0.000021
-33.720930	1.315948	0.004072	0.002100	0.000014
-33.488372	1.311311	0.003622	0.002116	0.000013
-33.255814	1.305691	0.006373	0.002136	0.000023
-33.023256	1.314345	0.006040	0.002105	0.000021
-32.790698	1.312352	0.007282	0.002112	0.000026
-32.558140	1.289870	0.004860	0.002194	0.000018
-32.325581	1.294401	0.008604	0.002177	0.000032
-32.093023	1.298303	0.006519	0.002163	0.000024
-31.860465	1.305511	0.006777	0.002137	0.000024
-31.627907	1.300443	0.006258	0.002155	0.000023
-31.395349	1.292907	0.007383	0.002182	0.000027
-31.162791	1.313966	0.006772	0.002107	0.000024
-30.930233	1.317177	0.005138	0.002095	0.000018
-30.697674	1.310808	0.005759	0.002118	0.000021
-30.465116	1.307219	0.007038	0.002131	0.000025
-30.232558	1.308413	0.005598	0.002126	0.000020
-30.000000	1.314725	0.006625	0.002104	0.000023
-29.767442	1.304034	0.006283	0.002142	0.000023
-29.534884	1.292556	0.005395	0.002184	0.000020
-29.302326	1.290781	0.004792	0.002190	0.000018
-29.069767	1.288664	0.005521	0.002198	0.000021
-28.837209	1.289671	0.006555	0.002194	0.000024
-28.604651	1.305831	0.006551	0.002136	0.000023
-28.372093	1.319532	0.005597	0.002087	0.000020
-28.139535	1.322625	0.005222	0.002076	0.000018
-27.906977	1.319916	0.005513	0.002086	0.000019
-27.674419	1.311666	0.005247	0.002115	0.000019
-27.441860	1.303275	0.006006	0.002145	0.000022
-27.209302	1.301893	0.004840	0.002150	0.000017
-26.976744	1.293669	0.005603	0.002180	0.000020
-26.744186	1.280955	0.005393	0.002227	0.000020
-26.511628	1.263505	0.004785	0.002293	0.000018
-26.279070	1.252021	0.004624	0.002338	0.000018
-26.046512	1.242135	0.004429	0.002377	0.000018
-25.813953	1.212727	0.004832	0.002497	0.000020
-25.581395	1.175556	0.005328	0.002658	0.000024
-25.348837	1.142533	0.005566	0.002810	0.000026
-25.116279	1.120982	0.005240	0.002914	0.000026
-24.883721	1.087273	0.005002	0.003084	0.000026
-24.651163	1.038424	0.004534	0.003348	0.000025
-24.418605	0.980599	0.004457	0.003689	0.000028
-24.186047	0.932246	0.003811	0.004002	0.000025
-23.953488	0.871527	0.004479	0.004432	0.000033
-23.720930	0.797830	0.004139	0.005016	0.000035
-23.488372	0.711824	0.004131	0.005796	0.000040
-23.255814	0.637319	0.004818	0.006570	0.000053
-23.023256	0.565676	0.004261	0.007411	0.000053
-22.790698	0.481438	0.003528	0.008538	0.000050
-22.558140	0.396051	0.004853	0.009856	0.000080
-22.325581	0.318479	0.004589	0.011229	0.000086
-22.093023	0.253121	0.003995	0.012533	0.000083
-21.860465	0.186596	0.005060	0.014016	0.000118
-21.627907	0.114949	0.003347	0.015809	0.000088
-21.395349	0.058960	0.003043	0.017370	0.000088
-21.162791	0.034420	0.003569	0.018101	0.000108
-20.930233	0.020205	0.002866	0.018539	0.000089
-20.697674	0.004811	0.002157	0.019025	0.000069
-20.465116	0.000000	0.002887	0.019179	0.000092
-20.232558	0.008308	0.002813	0.018913	0.000089
-20.000000	0.020144	0.002877	0.018541	0.000089
-19.767442	0.042428	0.002733	0.017859	0.000082
-19.534884	0.077634	0.003571	0.016833	0.000101
-19.302326	0.133289	0.003791	0.015329	0.000098
-19.069767	0.200049	0.003757	0.013702	0.000086
-18.837209	0.271272	0.003450	0.012156	0.000070
-18.604651	0.349331	0.002560	0.010661	0.000046
-18.372093	0.439538	0.003381	0.009161	0.000052
-18.139535	0.535864	0.003638	0.007792	0.000048
-17.906977	0.636553	0.003770	0.006578	0.000042
-17.674419	0.749603	0.003822	0.005440	0.000035
-17.441860	0.883149	0.004121	0.004346	0.000030
-17.209302	1.031498	0.004217	0.003387	0.000024
-16.976744	1.178315	0.003156	0.002646	0.000014
-16.744186	1.327596	0.004348	0.002059	0.000015
-16.511628	1.487949	0.004990	0.001572	0.000013
-16.279070	1.647399	0.002978	0.001203	0.000006
-16.046512	1.794842	0.003345	0.000939	0.000005
-15.813953	1.930518	0.003361	0.000747	0.000004
-15.581395	2.056019	0.002009	0.000605	0.000002
-15.348837	2.167577	0.002246	0.000502	0.000002
-15.116279	2.255696	0.002713	0.000433	0.000002
-14.883721	2.317378	0.002914	0.000390	0.000002
-14.651163	2.359144	0.002092	0.000364	0.000001
-14.418605	2.390453	0.003377	0.000345	0.000002
-14.186047	2.416620	0.002697	0.000330	0.000001
-13.953488	2.428766	0.003013	0.000323	0.000002
-13.720930	2.422807	0.003578	0.000327	0.000002
-13.488372	2.405187	0.002179	0.000336	0.000001
-13.255814	2.387908	0.003954	0.000346	0.000002
-13.023256	2.379432	0.002757	0.000351	0.000002
-12.790698	2.366136	0.003102	0.000359	0.000002
-12.558140	2.349342	0.002720	0.000370	0.000002
-12.325581	2.333355	0.002967	0.000380	0.000002
-12.093023	2.322701	0.004146	0.000386	0.000003
-11.860465	2.313457	0.002737	0.000393	0.000002
-11.627907	2.298581	0.003820	0.000402	0.000003
-11.395349	2.285881	0.004099	0.000411	0.000003
-11.162791	2.277947	0.003455	0.000417	0.000002
-10.930233	2.266234	0.003829	0.000425	0.000003
-10.697674	2.256017	0.004595	0.000432	0.000003
-10.465116	2.247582	0.005158	0.000439	0.000004
-10.232558	2.244078	0.003818	0.000441	0.000003
-10.000000	2.240623	0.003894	0.000444	0.000003
-9.767442	2.238960	0.003590	0.000445	0.000003
-9.534884	2.238562	0.004918	0.000445	0.000004
-9.302326	2.241150	0.003453	0.000443	0.000003
-9.069767	2.242582	0.004609	0.000442	0.000003
-8.837209	2.254643	0.003694	0.000433	0.000003
-8.604651	2.259489	0.003235	0.000430	0.000002
-8.372093	2.265382	0.004210	0.000426	0.000003
-8.139535	2.272258	0.003826	0.000421	0.000003
-7.906977	2.270915	0.004280	0.000422	0.000003
-7.674419	2.274782	0.003418	0.000419	0.000002
-7.441860	2.272543	0.004381	0.000420	0.000003
-7.209302	2.275280	0.005708	0.000419	0.000004
-6.976744	2.273111	0.004705	0.000420	0.000003
-6.744186	2.266464	0.003943	0.000425	0.000003
-6.511628	2.261109	0.005068	0.000429	0.000004
-6.279070	2.271206	0.003545	0.000421	0.000003
-6.046512	2.280271	0.004332	0.000415	0.000003
-5.813953	2.285155	0.003289	0.000412	0.000002
-5.581395	2.282664	0.004567	0.000413	0.000003
-5.348837	2.281368	0.003160	0.000414	0.000002
-5.116279	2.280212	0.004511	0.000415	0.000003
-4.883721	2.274840	0.003987	0.000419	0.000003
-4.651163	2.266936	0.003272	0.000424	0.000002
-4.418605	2.264009	0.003921	0.000427	0.000003
-4.186047	2.259332	0.003704	0.000430	0.000003
-3.953488	2.260375	0.003775	0.000429	0.000003
-3.720930	2.260177	0.003343	0.000429	0.000002
-3.488372	2.258757	0.003747	0.000430	0.000003
-3.255814	2.255670	0.003339	0.000433	0.000002
-3.023256	2.260553	0.003030	0.000429	0.000002
-2.790698	2.258996	0.003155	0.000430	0.000002
-2.558140	2.258147	0.003300	0.000431	0.000002
-2.325581	2.261393	0.003360	0.000428	0.000002
-2.093023	2.264580	0.003178	0.000426	0.000002
-1.860465	2.260310	0.002936	0.000429	0.000002
-1.627907	2.261654	0.003130	0.000428	0.000002
-1.395349	2.263807	0.004173	0.000427	0.000003
-1.162791	2.268154	0.004196	0.000424	0.000003
-0.930233	2.270601	0.001720	0.000422	0.000001
-0.697674	2.271478	0.002727	0.000421	0.000002
-0.465116	2.265710	0.003015	0.000425	0.000002
-0.232558	2.258910	0.003728	0.000430	0.000003
0.000000	2.260127	0.003761	0.000429	0.000003
0.232558	2.258910	0.003882	0.000430	0.000003
0.465116	2.265713	0.003909	0.000425	0.000003
0.697674	2.271478	0.002790	0.000421	0.000002
0.930233	2.270604	0.003278	0.000422	0.000002
1.162791	2.268154	0.003827	0.000424	0.000003
1.395349	2.263807	0.003030	0.000427	0.000002
1.627907	2.261651	0.004710	0.000428	0.000003
1.860465	2.260310	0.004545	0.000429	0.000003
2.093023	2.264574	0.002821	0.000426	0.000002
2.325581	2.261396	0.003246	0.000428	0.000002
2.558140	2.258151	0.003308	0.000431	0.000002
2.790698	2.258993	0.002307	0.000430	0.000002
3.023256	2.260556	0.002560	0.000429	0.000002
3.255814	2.255673	0.002640	0.000433	0.000002
3.488372	2.258757	0.004204	0.000430	0.000003
3.720930	2.260172	0.003634	0.000429	0.000003
3.953488	2.260373	0.004157	0.000429	0.000003
4.186047	2.259339	0.003217	0.000430	0.000002
4.418605	2.264007	0.002877	0.000427	0.000002
4.651163	2.266940	0.003461	0.000424	0.000002
4.883721	2.274855	0.003809	0.000419	0.000003
5.116279	2.280193	0.003497	0.000415	0.000002
5.348837	2.281374	0.003215	0.000414	0.000002
5.581395	2.282664	0.003181	0.000413	0.000002
5.813953	2.285158	0.003219	0.000412	0.000002
6.046512	2.280269	0.003698	0.000415	0.000003
6.279070	2.271207	0.003819	0.000421	0.000003
6.511628	2.261109	0.003312	0.000429	0.000002
6.744186	2.266464	0.003988	0.000425	0.000003
6.976744	2.273117	0.003220	0.000420	0.000002
7.209302	2.275272	0.003680	0.000419	0.000003
7.441860	2.272541	0.004044	0.000420	0.000003
7.674419	2.274786	0.005340	0.000419	0.000004
7.906977	2.270916	0.004517	0.000422	0.000003
8.139535	2.272261	0.004266	0.000421	0.000003
8.372093	2.265385	0.004500	0.000426	0.000003
8.604651	2.259490	0.005207	0.000430	0.000004
8.837209	2.254651	0.004818	0.000433	0.000004
9.069767	2.242570	0.006059	0.000442	0.000005
9.302326	2.241150	0.005416	0.000443	0.000004
9.534884	2.238567	0.003445	0.000445	0.000003
9.767442	2.238961	0.005205	0.000445	0.000004
10.000000	2.240618	0.005512	0.000444	0.000004
10.232558	2.244076	0.004517	0.000441	0.000003
10.465116	2.247586	0.004666	0.000438	0.000003
10.697674	2.256015	0.004881	0.000432	0.000004
10.930233	2.266228	0.004149	0.000425	0.000003
11.162791	2.277980	0.004461	0.000417	0.000003
11.395349	2.285843	0.004887	0.000411	0.000003
11.627907	2.298600	0.002542	0.000402	0.000002
11.860465	2.313463	0.004036	0.000393	0.000003
12.093023	2.322704	0.002996	0.000386	0.000002
12.325581	2.333364	0.002847	0.000380	0.000002
12.558140	2.349328	0.003214	0.000370	0.000002
12.790698	2.366156	0.003546	0.000359	0.000002
13.023256	2.379430	0.003882	0.000351	0.000002
13.255814	2.387932	0.003313	0.000346	0.000002
13.488372	2.405180	0.004852	0.000336	0.000003
13.720930	2.422825	0.003070	0.000327	0.000002
13.953488	2.428735	0.003586	0.000323	0.000002
14.186047	2.416645	0.004416	0.000330	0.000002
14.418605	2.390450	0.003149	0.000345	0.000002
14.651163	2.359134	0.003559	0.000364	0.000002
14.883721	2.317512	0.003137	0.000390	0.000002
15.116279	2.255533	0.003504	0.000433	0.000003
15.348837	2.167564	0.003184	0.000502	0.000003
15.581395	2.055970	0.003760	0.000605	0.000004
15.813953	1.930561	0.002833	0.000747	0.000004
16.046512	1.794822	0.003462	0.000939	0.000005
16.279070	1.647337	0.003621	0.001203	0.000007
16.511628	1.487934	0.003320	0.001572	0.000009
16.744186	1.327541	0.004020	0.002059	0.000014
16.976744	1.178293	0.004411	0.002646	0.000020
17.209302	1.031490	0.004121	0.003387	0.000024
17.441860	0.883086	0.003870	0.004346	0.000028
17.674419	0.749564	0.003234	0.005440	0.000030
17.906977	0.636524	0.004593	0.006579	0.000051
18.139535	0.535831	0.003738	0.007792	0.000049
18.372093	0.439489	0.004054	0.009162	0.000063
18.604651	0.349310	0.003615	0.010662	0.000065
18.837209	0.271240	0.003752	0.012157	0.000077
19.069767	0.200040	0.003564	0.013702	0.000082
19.302326	0.133266	0.004674	0.015330	0.000121
19.534884	0.077625	0.003487	0.016833	0.000099
19.767442	0.042402	0.003737	0.017860	0.000112
20.000000	0.020134	0.004727	0.018541	0.000148
20.232558	0.008247	0.004005	0.018915	0.000128
20.465116	0.000001	0.003705	0.019179	0.000120
20.697674	0.004789	0.003839	0.019026	0.000123
20.930233	0.020169	0.003989	0.018540	0.000125
21.162791	0.034407	0.002704	0.018102	0.000083
21.395349	0.058977	0.002765	0.017369	0.000081
21.627907	0.114887	0.002942	0.015811	0.000078
21.860465	0.186611	0.003338	0.014015	0.000079
22.093023	0.253086	0.002632	0.012533	0.000056
22.325581	0.318469	0.003666	0.011229	0.000069
22.558140	0.396062	0.003309	0.009856	0.000055
22.790698	0.481380	0.003268	0.008539	0.000047
23.023256	0.565673	0.003275	0.007411	0.000041
23.255814	0.637281	0.004358	0.006570	0.000048
23.488372	0.711832	0.003495	0.005796	0.000034
23.720930	0.797809	0.003691	0.005016	0.000031
23.953488	0.871529	0.003395	0.004432	0.000025
24.186047	0.932226	0.003499	0.004002	0.000024
24.418605	0.980592	0.003375	0.003689	0.000021
24.651163	1.038413	0.003656	0.003348	0.000021
24.883721	1.087399	0.003459	0.003083	0.000018
25.116279	1.120827	0.003569	0.002915	0.000018
25.348837	1.142503	0.003296	0.002810	0.000016
25.581395	1.175539	0.003210	0.002658	0.000014
25.813953	1.212688	0.002815	0.002497	0.000012
26.046512	1.242143	0.003360	0.002377	0.000013
26.279070	1.251970	0.003279	0.002338	0.000013
26.511628	1.263458	0.003795	0.002293	0.000015
26.744186	1.280944	0.003423	0.002227	0.000013
26.976744	1.293612	0.002963	0.002180	0.000011
27.209302	1.301886	0.002731	0.002150	0.000010
27.441860	1.303238	0.004073	0.002145	0.000015
27.674419	1.311640	0.002906	0.002115	0.000010
27.906977	1.319874	0.003480	0.002086	0.000012
28.139535	1.322619	0.003251	0.002076	0.000011
28.372093	1.319497	0.003680	0.002087	0.000013
28.604651	1.305797	0.005293	0.002136	0.000019
28.837209	1.289649	0.001643	0.002194	0.000006
29.069767	1.288619	0.003888	0.002198	0.000014
29.302326	1.290732	0.004714	0.002190	0.000017
29.534884	1.292559	0.006545	0.002184	0.000024
29.767442	1.303986	0.005492	0.002142	0.000020
30.000000	1.314677	0.005973	0.002104	0.000021
30.232558	1.308410	0.006109	0.002126	0.000022
30.465116	1.307179	0.006330	0.002131	0.000023
30.697674	1.310763	0.011478	0.002118	0.000041
30.930233	1.317085	0.004647	0.002096	0.000016
31.162791	1.313932	0.006306	0.002107	0.000022
31.395349	1.292905	0.007486	0.002182	0.000027
31.627907	1.300367	0.006692	0.002155	0.000024
31.860465	1.305434	0.003724	0.002137	0.000013
32.093023	1.298211	0.007914	0.002163	0.000029
32.325581	1.294390	0.006486	0.002177	0.000024
32.558140	1.289778	0.007126	0.002194	0.000026
32.790698	1.312297	0.005791	0.002112	0.000021
33.023256	1.314277	0.007010	0.002105	0.000025
33.255814	1.305699	0.008472	0.002136	0.000030
33.488372	1.311215	0.005907	0.002116	0.000021
33.720930	1.315900	0.008421	0.002100	0.000030
33.953488	1.330776	0.006836	0.002048	0.000024
34.186047	1.329063	0.004706	0.002054	0.000016
34.418605	1.322913	0.007103	0.002075	0.000025
34.651163	1.328837	0.004782	0.002055	0.000017
34.883721	1.333899	0.007221	0.002037	0.000025
#Window		Free	+/-	
#0	0.000000	0.000000
#1	-0.416698	0.001710
#2	-0.434872	0.004379
#3	-0.443184	0.006003
#4	-0.433473	0.008188
#5	-0.436534	0.009911
#6	-0.447117	0.010127
#7	-0.427682	0.009543
#8	-0.453141	0.009092
#9	-0.519567	0.008058
#10	-0.652914	0.008061
#11	-0.881515	0.006929
#12	-1.205281	0.006903
#13	-1.523008	0.006644
#14	-1.709383	0.006043
#15	-1.709588	0.004943
#16	-1.522511	0.004450
#17	-1.159212	0.004300
#18	-0.623424	0.003808
#19	0.019011	0.003407
#20	0.505592	0.004224
#21	0.665490	0.004961
#22	0.633201	0.005358
#23	0.575821	0.005616
#24	0.527511	0.005735
#25	0.500133	0.005285
#26	0.506349	0.005265
#27	0.527280	0.004329
#28	0.528313	0.004725
#29	0.534778	0.005015
#30	0.532714	0.005046
#31	0.518311	0.005607
#32	0.516218	0.006133
#33	0.519293	0.006494
#34	0.524829	0.005758
#35	0.519646	0.005516
#36	0.524830	0.005750
#37	0.519292	0.005600
#38	0.516219	0.006119
#39	0.518312	0.006823
#40	0.532715	0.006424
#41	0.534778	0.006619
#42	0.528313	0.007217
#43	0.527282	0.007630
#44	0.506349	0.008050
#45	0.500133	0.008044
#46	0.527513	0.007943
#47	0.575825	0.007793
#48	0.633208	0.008040
#49	0.665493	0.008278
#50	0.505575	0.007956
#51	0.018987	0.007733
#52	-0.623458	0.008735
#53	-1.159248	0.008255
#54	-1.522532	0.008840
#55	-1.709612	0.008393
#56	-1.709401	0.007651
#57	-1.523025	0.007710
#58	-1.205301	0.007873
#59	-0.881524	0.008360
#60	-0.652929	0.008587
#61	-0.519595	0.008719
#62	-0.453172	0.008816
#63	-0.427710	0.009229
#64	-0.447150	0.009565
#65	-0.436567	0.011302
#66	-0.433521	0.012336
#67	-0.443247	0.011918
#68	-0.434926	0.013026
#69	-0.416761	0.012023
#70	-0.000078	0.011578
#71	0.213654	0.005326
#72	0.164368	0.005569
#73	0.119249	0.005579
#74	0.094862	0.005329
#75	0.097257	0.005028
#76	0.110887	0.004620
#77	0.116667	0.004684
#78	0.120234	0.004935
#79	0.117739	0.005149
#80	0.108457	0.005585
#81	0.105120	0.006073
#82	0.107333	0.006246
#83	0.110003	0.005873
#84	0.109846	0.005612
#85	0.110003	0.005680
#86	0.107333	0.005702
#87	0.105121	0.006123
#88	0.108458	0.006576
#89	0.117740	0.006513
#90	0.120234	0.006699
#91	0.116667	0.007150
#92	0.110888	0.007594
#93	0.097257	0.007909
#94	0.094862	0.007990
#95	0.119251	0.007940
#96	0.164372	0.007870
#97	0.213659	0.008001
#98	-0.369127	0.004866
#99	-0.363973	0.005003
#100	-0.367443	0.005544
#101	-0.370245	0.005891
#102	-0.369729	0.005804
#103	-0.370244	0.005920
#104	-0.367442	0.006352
#105	-0.363973	0.006838
#106	-0.369126	0.007454
#107	0.000000	0.000000
#108	-0.416698	0.001710
#109	-0.434872	0.004379
#110	-0.443184	0.006003
#111	-0.433473	0.008188
#112	-0.436534	0.009911
#113	-0.447117	0.010127
#114	-0.427682	0.009543
#115	-0.453141	0.009092
#116	-0.519567	0.008058
#117	-0.652914	0.008061
#118	-0.881515	0.006929
#119	-1.205281	0.006903
#120	-1.523008	0.006644
#121	-1.709383	0.006043
#122	-1.709588	0.004943
#123	-1.522511	0.004450
#124	-1.159212	0.004300
#125	-0.623424	0.003808
#126	0.019011	0.003407
#127	0.505592	0.004224
#128	0.665490	0.004961
#129	0.633201	0.005358
#130	0.575821	0.005616
#131	0.527511	0.005735
#132	0.500133	0.005285
#133	0.506349	0.005265
#134	0.527280	0.004329
#135	0.528313	0.004725
#136	0.534778	0.005015
#137	0.532714	0.005046
#138	0.518311	0.005607
#139	0.516218	0.006133
#140	0.519293	0.006494
#141	0.524829	0.005758
#142	0.519646	0.005516
#143	0.524830	0.005750
#144	0.519292	0.005600
#145	0.516219	0.006119
#146	0.518312	0.006823
#147	0.532715	0.006424
#148	0.534778	0.006619
#149	0.528313	0.007217
#150	0.527282	0.007630
#151	0.506349	0.008050
#152	0.500133	0.008044
#153	0.527513	0.007943
#154	0.575825	0.007793
#155	0.633208	0.008040
#156	0.665493	0.008278
#157	0.505575	0.007956
#158	0.018987	0.007733
#159	-0.623458	0.008735
#160	-1.159248	0.008255
#161	-1.522532	0.008840
#162	-1.709612	0.008393
#163	-1.709401	0.007651
#164	-1.523025	0.007710
#165	-1.205301	0.007873
#166	-0.881524	0.008360
#167	-0.652929	0.008587
#168	-0.519595	0.008719
#169	-0.453172	0.008816
#170	-0.427710	0.009229
#171	-0.447150	0.009565
#172	-0.436567	0.011302
#173	-0.433521	0.012336
#174	-0.443247	0.011918
#175	-0.434926	0.013026
#176	-0.416761	0.012023
#177	-0.000078	0.011578
#178	0.213654	0.005326
#179	0.164368	0.005569
#180	0.119249	0.005579
#181	0.094862	0.005329
#182	0.097257	0.005028
#183	0.110887	0.004620
#184	0.116667	0.004684
#185	0.120234	0.004935
#186	0.117739	0.005149
#187	0.108457	0.005585
#188	0.105120	0.006073
#189	0.107333	0.006246
#190	0.110003	0.005873
#191	0.109846	0.005612
#192	0.110003	0.005680
#193	0.107333	0.005702
#194	0.105121	0.006123
#195	0.108458	0.006576
#196	0.117740	0.006513
#197	0.120234	0.006699
#198	0.116667	0.007150
#199	0.110888	0.007594
#200	0.097257	0.007909
#201	0.094862	0.007990
#202	0.119251	0.007940
#203	0.164372	0.007870
#204	0.213659	0.008001
#205	-0.369127	0.004866
#206	-0.363973	0.005003
#207	-0.367443	0.005544
#208	-0.370245	0.005891
#209	-0.369729	0.005804
#210	-0.370244	0.005920
#211	-0.367442	0.006352
#212	-0.363973	0.006838
#213	-0.369126	0.007454
