-5.585000000000000142e+01 2.515936619718309563e-05
-5.575000000000000000e+01 3.153577464788732179e-05
-5.564999999999999858e+01 2.617116901408450750e-05
-5.554999999999999716e+01 2.654283098591549297e-05
-5.545000000000000284e+01 2.856636619718309536e-05
-5.535000000000000142e+01 3.031878873239436534e-05
-5.525000000000000000e+01 2.553135211267605254e-05
-5.514999999999999858e+01 2.595346478873239419e-05
-5.504999999999999716e+01 2.637647183098591617e-05
-5.495000000000000284e+01 2.370251830985915472e-05
-5.485000000000000142e+01 2.757449999999999832e-05
-5.475000000000000000e+01 2.796072957746479053e-05
-5.464999999999999858e+01 2.552326619718310073e-05
-5.454999999999999716e+01 2.601113535211267507e-05
-5.445000000000000284e+01 2.593512169014084527e-05
-5.435000000000000142e+01 2.175176535211267523e-05
-5.425000000000000000e+01 2.681436309859154584e-05
-5.414999999999999858e+01 2.179473661971831173e-05
-5.404999999999999716e+01 2.265528169014084382e-05
-5.395000000000000284e+01 2.177677464788732595e-05
-5.385000000000000142e+01 2.105640845070422452e-05
-5.375000000000000000e+01 2.064219718309859121e-05
-5.364999999999999858e+01 1.706912816901408678e-05
-5.354999999999999716e+01 1.686433661971830893e-05
-5.345000000000000284e+01 2.002540845070422711e-05
-5.335000000000000142e+01 2.375446478873239711e-05
-5.325000000000000000e+01 2.147887323943661870e-05
-5.314999999999999858e+01 2.116036619718309885e-05
-5.304999999999999716e+01 2.065859154929577504e-05
-5.295000000000000284e+01 2.675264788732394019e-05
-5.285000000000000142e+01 2.309349295774647555e-05
-5.275000000000000000e+01 2.524498591549295746e-05
-5.264999999999999858e+01 2.554626760563380490e-05
-5.254999999999999716e+01 2.474978873239436496e-05
-5.245000000000000284e+01 2.684369014084507331e-05
-5.235000000000000142e+01 2.541802816901408404e-05
-5.225000000000000000e+01 2.828412676056337902e-05
-5.214999999999999858e+01 2.660532394366197167e-05
-5.204999999999999716e+01 2.847973239436620265e-05
-5.195000000000000284e+01 2.688347887323943599e-05
-5.185000000000000142e+01 2.494091549295774377e-05
-5.175000000000000000e+01 2.767967464788732664e-05
-5.164999999999999858e+01 2.844750845070422563e-05
-5.154999999999999716e+01 2.610862535211267132e-05
-5.145000000000000284e+01 2.675287887323943761e-05
-5.135000000000000142e+01 3.067554929577465085e-05
-5.125000000000000000e+01 3.111970985915493487e-05
-5.114999999999999858e+01 2.732165352112676264e-05
-5.104999999999999716e+01 3.322449436619718188e-05
-5.095000000000000284e+01 3.597716760563380358e-05
-5.085000000000000142e+01 3.184030422535211104e-05
-5.075000000000000000e+01 3.287495915492957734e-05
-5.064999999999999858e+01 3.684116619718309955e-05
-5.054999999999999716e+01 3.345026366197183980e-05
-5.045000000000000284e+01 3.643835183098592087e-05
-5.035000000000000142e+01 3.591876747887323663e-05
-5.025000000000000000e+01 3.022053226760562688e-05
-5.014999999999999858e+01 3.171054816901407983e-05
-5.004999999999999716e+01 3.055381502816901558e-05
-4.995000000000000284e+01 3.157965553521126820e-05
-4.985000000000000142e+01 3.099345090140844807e-05
-4.975000000000000000e+01 3.342209174647887607e-05
-4.964999999999999858e+01 3.402020140845070454e-05
-4.954999999999999716e+01 3.204384788732394807e-05
-4.945000000000000284e+01 3.382520845070423007e-05
-4.935000000000000142e+01 3.280136760563379919e-05
-4.925000000000000000e+01 3.286328169014083824e-05
-4.914999999999999858e+01 2.651825352112676285e-05
-4.904999999999999716e+01 2.725021126760563184e-05
-4.895000000000000284e+01 2.256812816901408275e-05
-4.885000000000000142e+01 2.354094225352113031e-05
-4.875000000000000000e+01 2.367749295774647538e-05
-4.864999999999999858e+01 2.663653521126760882e-05
-4.854999999999999716e+01 3.295901408450704635e-05
-4.845000000000000284e+01 3.504280281690141182e-05
-4.835000000000000142e+01 2.913470422535211445e-05
-4.825000000000000000e+01 3.028238028169013947e-05
-4.814999999999999858e+01 3.225659154929577817e-05
-4.804999999999999716e+01 3.981447887323943805e-05
-4.795000000000000284e+01 3.863452112676056251e-05
-4.785000000000000142e+01 3.790376056338028024e-05
-4.775000000000000000e+01 3.950961971830986249e-05
-4.764999999999999858e+01 4.201766197183098958e-05
-4.754999999999999716e+01 4.120374647887324029e-05
-4.745000000000000284e+01 4.066284507042253893e-05
-4.735000000000000142e+01 4.417607042253520632e-05
-4.725000000000000000e+01 4.273830985915492558e-05
-4.714999999999999858e+01 4.356850704225351403e-05
-4.704999999999999716e+01 4.778864788732394003e-05
-4.695000000000000284e+01 4.767483098591549325e-05
-4.685000000000000142e+01 5.140849295774648143e-05
-4.675000000000000000e+01 4.418750704225352284e-05
-4.664999999999999858e+01 4.286549295774647869e-05
-4.654999999999999716e+01 4.061560563380281610e-05
-4.645000000000000284e+01 4.188685915492957825e-05
-4.635000000000000142e+01 3.561183521126761418e-05
-4.625000000000000000e+01 3.542391549295775165e-05
-4.614999999999999858e+01 3.439348873239436548e-05
-4.604999999999999716e+01 3.824550563380281655e-05
-4.595000000000000284e+01 3.014771830985915190e-05
-4.585000000000000142e+01 2.491322816901408847e-05
-4.575000000000000000e+01 2.751301971830986287e-05
-4.564999999999999858e+01 2.711411690140845321e-05
-4.554999999999999716e+01 2.885865352112676165e-05
-4.545000000000000284e+01 2.590361549295774727e-05
-4.535000000000000142e+01 2.808169014084507060e-05
-4.525000000000000000e+01 3.117865352112676654e-05
-4.514999999999999858e+01 3.184471830985915954e-05
-4.504999999999999716e+01 2.612057323943661866e-05
-4.495000000000000284e+01 2.717411549295774807e-05
-4.485000000000000142e+01 2.751321408450704505e-05
-4.475000000000000000e+01 3.030128169014084820e-05
-4.464999999999999858e+01 2.208619295774647928e-05
-4.454999999999999716e+01 2.264304929577464940e-05
-4.445000000000000284e+01 2.563519718309858897e-05
-4.435000000000000142e+01 2.571778591549295402e-05
-4.425000000000000000e+01 2.358238169014084380e-05
-4.414999999999999858e+01 2.528801549295774592e-05
-4.404999999999999716e+01 2.278789295774647969e-05
-4.395000000000000284e+01 2.689732394366197159e-05
-4.385000000000000142e+01 2.991542253521126783e-05
-4.375000000000000000e+01 2.570577464788732848e-05
-4.364999999999999858e+01 3.137370422535211114e-05
-4.354999999999999716e+01 3.070004225352112416e-05
-4.345000000000000284e+01 3.059597183098591194e-05
-4.335000000000000142e+01 2.688108450704225236e-05
-4.325000000000000000e+01 2.491143661971830851e-05
-4.314999999999999858e+01 2.970709859154930109e-05
-4.304999999999999716e+01 3.075528169014085097e-05
-4.295000000000000284e+01 2.894636619718309850e-05
-4.285000000000000142e+01 3.316674647887324253e-05
-4.275000000000000000e+01 3.411446478873239618e-05
-4.264999999999999858e+01 3.227990140845070360e-05
-4.254999999999999716e+01 2.950214084507041875e-05
-4.245000000000000284e+01 2.801552112676056135e-05
-4.235000000000000142e+01 2.768171830985915891e-05
-4.225000000000000000e+01 2.774461971830985909e-05
-4.214999999999999858e+01 3.102442253521126687e-05
-4.204999999999999716e+01 3.055353521126760876e-05
-4.195000000000000284e+01 2.768822535211267564e-05
-4.185000000000000142e+01 2.455052112676056318e-05
-4.175000000000000000e+01 2.754260563380281777e-05
-4.164999999999999858e+01 2.650202816901408586e-05
-4.154999999999999716e+01 2.420476056338028147e-05
-4.145000000000000284e+01 2.174525352112676298e-05
-4.135000000000000142e+01 2.007214084507042264e-05
-4.125000000000000000e+01 2.370040845070422496e-05
-4.114999999999999858e+01 2.585577464788732535e-05
-4.104999999999999716e+01 2.533788732394365905e-05
-4.095000000000000284e+01 1.810769014084507089e-05
-4.085000000000000142e+01 1.776833802816901365e-05
-4.075000000000000000e+01 2.093515492957746660e-05
-4.064999999999999858e+01 2.342423943661971940e-05
-4.054999999999999716e+01 1.770770422535211357e-05
-4.045000000000000284e+01 1.322836619718309924e-05
-4.035000000000000142e+01 1.743208450704225186e-05
-4.025000000000000000e+01 1.948390140845070279e-05
-4.014999999999999858e+01 1.887690140845070335e-05
-4.004999999999999716e+01 1.767915492957746593e-05
-3.995000000000000284e+01 2.315477163380281583e-05
-3.985000000000000142e+01 2.465904460563380135e-05
-3.975000000000000000e+01 2.130154970422535056e-05
-3.964999999999999858e+01 2.505796619718310029e-05
-3.954999999999999716e+01 2.359065676056337600e-05
-3.945000000000000284e+01 2.421263056338028314e-05
-3.935000000000000142e+01 2.074767549295774527e-05
-3.925000000000000000e+01 1.717323521126760746e-05
-3.914999999999999858e+01 1.825876239436619538e-05
-3.904999999999999716e+01 2.350377605633802939e-05
-3.895000000000000284e+01 2.294969859154929358e-05
-3.885000000000000142e+01 2.437027056338027914e-05
-3.875000000000000000e+01 2.152555563380281750e-05
-3.864999999999999858e+01 2.132127464788732666e-05
-3.854999999999999716e+01 2.167481535211267590e-05
-3.845000000000000284e+01 2.834272816901408672e-05
-3.835000000000000142e+01 2.682154366197183189e-05
-3.825000000000000000e+01 2.574707323943661961e-05
-3.814999999999999858e+01 2.924076901408450603e-05
-3.804999999999999716e+01 2.577911267605633960e-05
-3.795000000000000284e+01 2.363288732394365759e-05
-3.785000000000000142e+01 2.705249295774647949e-05
-3.775000000000000000e+01 2.556891549295774521e-05
-3.764999999999999858e+01 2.929057746478873418e-05
-3.754999999999999716e+01 2.982792957746478512e-05
-3.745000000000000284e+01 3.103594171830986281e-05
-3.735000000000000142e+01 3.351524098591548810e-05
-3.725000000000000000e+01 3.021619014084507194e-05
-3.714999999999999858e+01 3.125217140845070455e-05
-3.704999999999999716e+01 2.607049718309858801e-05
-3.695000000000000284e+01 3.234950140845070036e-05
-3.685000000000000142e+01 3.503296056338028056e-05
-3.675000000000000000e+01 4.089216338028168942e-05
-3.664999999999999858e+01 4.157282676056337937e-05
-3.654999999999999716e+01 4.184262535211266670e-05
-3.645000000000000284e+01 4.298960140845070713e-05
-3.635000000000000142e+01 4.352097183098592117e-05
-3.625000000000000000e+01 4.013931549295774381e-05
-3.614999999999999858e+01 4.696662253521126476e-05
-3.604999999999999716e+01 4.581723802816901881e-05
-3.595000000000000284e+01 4.061042676056337653e-05
-3.585000000000000142e+01 4.483553098591549487e-05
-3.575000000000000000e+01 4.714212816901408836e-05
-3.564999999999999858e+01 4.629043205633801873e-05
-3.554999999999999716e+01 5.105078880281690214e-05
-3.545000000000000284e+01 4.689439225352112946e-05
-3.535000000000000142e+01 4.030351126760563441e-05
-3.525000000000000000e+01 3.658237323943662071e-05
-3.514999999999999858e+01 4.050943239436620370e-05
-3.504999999999999716e+01 3.954190140845070285e-05
-3.495000000000000284e+01 4.592768873239436086e-05
-3.485000000000000142e+01 4.313786197183099285e-05
-3.475000000000000000e+01 3.859587183098591644e-05
-3.464999999999999858e+01 3.362631267605633792e-05
-3.454999999999999716e+01 3.770063802816901591e-05
-3.445000000000000284e+01 3.834855070422535123e-05
-3.435000000000000142e+01 4.030577746478872995e-05
-3.425000000000000000e+01 3.631420281690140781e-05
-3.414999999999999858e+01 3.789600381690140957e-05
-3.404999999999999716e+01 3.664260760563380173e-05
-3.395000000000000284e+01 3.770105746478873637e-05
-3.385000000000000142e+01 3.909892197183098371e-05
-3.375000000000000000e+01 3.915293633802817685e-05
-3.364999999999999858e+01 4.027275563380281988e-05
-3.354999999999999716e+01 4.169175718309859436e-05
-3.345000000000000284e+01 4.133396760563380623e-05
-3.335000000000000142e+01 3.993774366197183346e-05
-3.325000000000000000e+01 4.167947686197183085e-05
-3.314999999999999858e+01 4.440686680281690277e-05
-3.304999999999999716e+01 3.840355621126760046e-05
-3.295000000000000284e+01 2.998222326760563498e-05
-3.285000000000000142e+01 3.393430676056337987e-05
-3.275000000000000000e+01 3.346609115492957330e-05
-3.264999999999999858e+01 4.109905943661970953e-05
-3.254999999999999716e+01 4.226751408450704709e-05
-3.245000000000000284e+01 3.584691126760564052e-05
-3.235000000000000142e+01 3.925954507042253832e-05
-3.225000000000000000e+01 3.821605774647887150e-05
-3.214999999999999858e+01 3.859580985915492924e-05
-3.204999999999999716e+01 3.626025070422534617e-05
-3.194999999999999929e+01 3.714779718309859459e-05
-3.185000000000000142e+01 3.972143661971830732e-05
-3.175000000000000000e+01 3.770320281690141094e-05
-3.164999999999999858e+01 3.877499014084506528e-05
-3.155000000000000071e+01 3.535108169014085193e-05
-3.144999999999999929e+01 2.703187464788732583e-05
-3.135000000000000142e+01 3.194522112676056541e-05
-3.125000000000000000e+01 3.406937746478872983e-05
-3.114999999999999858e+01 3.523096901408450163e-05
-3.105000000000000071e+01 3.257767183098592042e-05
-3.094999999999999929e+01 3.129689014084507330e-05
-3.085000000000000142e+01 3.443036056338028738e-05
-3.075000000000000000e+01 4.177692253521126260e-05
-3.064999999999999858e+01 4.098894647887324364e-05
-3.055000000000000071e+01 4.102709718309860334e-05
-3.044999999999999929e+01 3.902367290140845143e-05
-3.035000000000000142e+01 3.821526723943662697e-05
-3.025000000000000000e+01 3.865219339436619037e-05
-3.014999999999999858e+01 3.753454149295774238e-05
-3.005000000000000071e+01 3.579220281690140162e-05
-2.994999999999999929e+01 3.211966943661971960e-05
-2.985000000000000142e+01 4.160353192957746044e-05
-2.975000000000000000e+01 4.829660535211268178e-05
-2.964999999999999858e+01 4.934038295774648608e-05
-2.955000000000000071e+01 4.811046859154928952e-05
-2.944999999999999929e+01 4.754246129577465650e-05
-2.935000000000000142e+01 5.107997216901408345e-05
-2.925000000000000000e+01 5.449555829577465448e-05
-2.914999999999999858e+01 5.174161309859155353e-05
-2.905000000000000071e+01 5.440163059154929737e-05
-2.894999999999999929e+01 5.905413814084507036e-05
-2.885000000000000142e+01 5.241259566197183361e-05
-2.875000000000000000e+01 6.065170026760562696e-05
-2.864999999999999858e+01 6.395554605633802512e-05
-2.855000000000000071e+01 5.594607126760564342e-05
-2.844999999999999929e+01 5.496074112676055000e-05
-2.835000000000000142e+01 5.479232112676056559e-05
-2.825000000000000000e+01 5.110802676056337576e-05
-2.814999999999999858e+01 5.250141830985916117e-05
-2.805000000000000071e+01 5.307803718309859608e-05
-2.794999999999999929e+01 5.181075436619718780e-05
-2.785000000000000142e+01 4.792491602816901201e-05
-2.775000000000000000e+01 4.456111925352113659e-05
-2.764999999999999858e+01 5.593737156338027993e-05
-2.755000000000000071e+01 5.190345185915493196e-05
-2.744999999999999929e+01 4.674357033802815768e-05
-2.735000000000000142e+01 5.076077380281689540e-05
-2.725000000000000000e+01 5.009431754929576948e-05
-2.714999999999999858e+01 4.869411419718309373e-05
-2.705000000000000071e+01 4.961112832394364426e-05
-2.694999999999999929e+01 5.460991729577463548e-05
-2.685000000000000142e+01 5.821990426760563199e-05
-2.675000000000000000e+01 5.270797038028169154e-05
-2.664999999999999858e+01 5.263878507042255017e-05
-2.655000000000000071e+01 5.816866112676055841e-05
-2.644999999999999929e+01 5.686662160563379475e-05
-2.635000000000000142e+01 5.995639815492956510e-05
-2.625000000000000000e+01 6.151026016901407116e-05
-2.614999999999999858e+01 6.659640733802817320e-05
-2.605000000000000071e+01 6.530356126760562894e-05
-2.594999999999999929e+01 7.067568112676055373e-05
-2.585000000000000142e+01 7.159970253521128337e-05
-2.575000000000000000e+01 7.350611826760561276e-05
-2.564999999999999858e+01 7.428900201408451657e-05
-2.555000000000000071e+01 7.045387518309858372e-05
-2.544999999999999929e+01 7.472370088732393709e-05
-2.535000000000000142e+01 8.367153556338025727e-05
-2.525000000000000000e+01 8.400769367605633096e-05
-2.514999999999999858e+01 8.261294842394363005e-05
-2.505000000000000071e+01 9.478555671830988789e-05
-2.494999999999999929e+01 1.121308124084507323e-04
-2.485000000000000142e+01 1.154618817887324026e-04
-2.475000000000000000e+01 1.277257449577465329e-04
-2.464999999999999858e+01 1.411912415352113031e-04
-2.455000000000000071e+01 1.517212197605634046e-04
-2.444999999999999929e+01 1.632785420140845116e-04
-2.435000000000000142e+01 1.860923912112675703e-04
-2.425000000000000000e+01 2.006883878873239589e-04
-2.414999999999999858e+01 2.195429923380281352e-04
-2.405000000000000071e+01 2.660067124225351369e-04
-2.394999999999999929e+01 3.186557440845069994e-04
-2.385000000000000142e+01 3.664700677464789789e-04
-2.375000000000000000e+01 4.347989838028168473e-04
-2.364999999999999858e+01 5.299185323943662136e-04
-2.355000000000000071e+01 6.157336746478872871e-04
-2.344999999999999929e+01 7.694535619718309615e-04
-2.335000000000000142e+01 8.980494253521128459e-04
-2.325000000000000000e+01 1.097784828169014138e-03
-2.314999999999999858e+01 1.319032126760562914e-03
-2.305000000000000071e+01 1.621270830985916105e-03
-2.294999999999999929e+01 1.954133929577465175e-03
-2.285000000000000142e+01 2.377851464788733379e-03
-2.275000000000000000e+01 2.906428323943662222e-03
-2.264999999999999858e+01 3.525696957746478951e-03
-2.255000000000000071e+01 4.230792605633802370e-03
-2.244999999999999929e+01 5.131629436619718210e-03
-2.235000000000000142e+01 6.156842957746482860e-03
-2.225000000000000000e+01 7.427185915492955960e-03
-2.214999999999999858e+01 8.838110704225349626e-03
-2.205000000000000071e+01 1.061541112676056033e-02
-2.194999999999999929e+01 1.261113352112676160e-02
-2.185000000000000142e+01 1.513205591549296111e-02
-2.175000000000000000e+01 1.793164788732394890e-02
-2.164999999999999858e+01 2.129818295774647471e-02
-2.155000000000000071e+01 2.519475690140845700e-02
-2.144999999999999929e+01 2.955119577464789676e-02
-2.135000000000000142e+01 3.447622535211267852e-02
-2.125000000000000000e+01 4.031005774647886813e-02
-2.114999999999999858e+01 4.669997042253521552e-02
-2.105000000000000071e+01 5.399384788732393414e-02
-2.094999999999999929e+01 6.217558591549294383e-02
-2.085000000000000142e+01 7.127644084507039901e-02
-2.075000000000000000e+01 8.134239577464787152e-02
-2.064999999999999858e+01 9.282920985915492362e-02
-2.055000000000000071e+01 1.051846704225352369e-01
-2.044999999999999929e+01 1.184583690140844914e-01
-2.035000000000000142e+01 1.333456647887324154e-01
-2.025000000000000000e+01 1.491998619718309382e-01
-2.014999999999999858e+01 1.671429591549295490e-01
-2.005000000000000071e+01 1.855262957746479091e-01
-1.994999999999999929e+01 2.056662816901408120e-01
-1.985000000000000142e+01 2.274902253521126905e-01
-1.975000000000000000e+01 2.504279436619717969e-01
-1.964999999999999858e+01 2.740520704225351545e-01
-1.955000000000000071e+01 2.994582112676057450e-01
-1.944999999999999929e+01 3.262388873239435161e-01
-1.935000000000000142e+01 3.539721690140844035e-01
-1.925000000000000000e+01 3.828038873239436035e-01
-1.914999999999999858e+01 4.117318309859155923e-01
-1.905000000000000071e+01 4.426492676056338893e-01
-1.894999999999999929e+01 4.732255211267606954e-01
-1.885000000000000142e+01 5.035607323943661617e-01
-1.875000000000000000e+01 5.339761549295773957e-01
-1.864999999999999858e+01 5.639477464788732464e-01
-1.855000000000000071e+01 5.937260422535212134e-01
-1.844999999999999929e+01 6.225565774647886519e-01
-1.835000000000000142e+01 6.508263943661971584e-01
-1.825000000000000000e+01 6.786179859154930494e-01
-1.814999999999999858e+01 7.052347605633800809e-01
-1.805000000000000071e+01 7.300650985915493330e-01
-1.794999999999999929e+01 7.538269295774648882e-01
-1.785000000000000142e+01 7.757201690140848038e-01
-1.775000000000000000e+01 7.955039718309863117e-01
-1.764999999999999858e+01 8.151062394366197505e-01
-1.755000000000000071e+01 8.317128591549297623e-01
-1.744999999999999929e+01 8.462445915492955439e-01
-1.735000000000000142e+01 8.599144788732393518e-01
-1.725000000000000000e+01 8.710447605633802048e-01
-1.714999999999999858e+01 8.818559859154928571e-01
-1.705000000000000071e+01 8.893276056338027535e-01
-1.694999999999999929e+01 8.970250140845070774e-01
-1.685000000000000142e+01 9.035910704225352807e-01
-1.675000000000000000e+01 9.066498732394367988e-01
-1.664999999999999858e+01 9.108631549295772567e-01
-1.655000000000000071e+01 9.147855070422536983e-01
-1.644999999999999929e+01 9.164846056338030733e-01
-1.635000000000000142e+01 9.180757464788733557e-01
-1.625000000000000000e+01 9.197209718309860005e-01
-1.614999999999999858e+01 9.195576760563376473e-01
-1.605000000000000071e+01 9.197589999999998822e-01
-1.594999999999999929e+01 9.208223380281687076e-01
-1.584999999999999964e+01 9.210387464788731826e-01
-1.575000000000000000e+01 9.219118028169015489e-01
-1.565000000000000036e+01 9.226416056338030414e-01
-1.555000000000000071e+01 9.247268309859155710e-01
-1.544999999999999929e+01 9.250257183098594682e-01
-1.534999999999999964e+01 9.271179859154929925e-01
-1.525000000000000000e+01 9.279052535211268493e-01
-1.515000000000000036e+01 9.310005352112676880e-01
-1.505000000000000071e+01 9.330451408450702866e-01
-1.494999999999999929e+01 9.353888028169016211e-01
-1.484999999999999964e+01 9.373401267605636633e-01
-1.475000000000000000e+01 9.397222535211270378e-01
-1.465000000000000036e+01 9.407596619718313624e-01
-1.455000000000000071e+01 9.429520422535209168e-01
-1.444999999999999929e+01 9.431868309859153809e-01
-1.434999999999999964e+01 9.438348450704228121e-01
-1.425000000000000000e+01 9.444829295774646027e-01
-1.415000000000000036e+01 9.444015352112672401e-01
-1.405000000000000071e+01 9.448040281690140985e-01
-1.394999999999999929e+01 9.458483802816901598e-01
-1.384999999999999964e+01 9.453946056338025095e-01
-1.375000000000000000e+01 9.432272394366202350e-01
-1.365000000000000036e+01 9.425006619718311329e-01
-1.355000000000000071e+01 9.412562535211264070e-01
-1.344999999999999929e+01 9.408194225352107809e-01
-1.334999999999999964e+01 9.399492676056341312e-01
-1.325000000000000000e+01 9.388144366197179735e-01
-1.315000000000000036e+01 9.376687323943665442e-01
-1.305000000000000071e+01 9.378611267605631019e-01
-1.294999999999999929e+01 9.374580140845070186e-01
-1.284999999999999964e+01 9.368117183098592093e-01
-1.275000000000000000e+01 9.362242394366198095e-01
-1.265000000000000036e+01 9.360897887323942346e-01
-1.255000000000000071e+01 9.363405915492957199e-01
-1.244999999999999929e+01 9.366462816901410804e-01
-1.234999999999999964e+01 9.362933098591550429e-01
-1.225000000000000000e+01 9.353811549295777406e-01
-1.215000000000000036e+01 9.357710563380283730e-01
-1.205000000000000071e+01 9.367944225352112797e-01
-1.194999999999999929e+01 9.366076901408452171e-01
-1.184999999999999964e+01 9.372541267605632997e-01
-1.175000000000000000e+01 9.374671126760565354e-01
-1.165000000000000036e+01 9.377064084507040764e-01
-1.155000000000000071e+01 9.369899295774648529e-01
-1.144999999999999929e+01 9.370707183098589965e-01
-1.134999999999999964e+01 9.374998732394367318e-01
-1.125000000000000000e+01 9.371079295774649154e-01
-1.115000000000000036e+01 9.365931549295772873e-01
-1.105000000000000071e+01 9.367107042253519644e-01
-1.094999999999999929e+01 9.373850704225353825e-01
-1.084999999999999964e+01 9.382117746478871867e-01
-1.075000000000000000e+01 9.390153661971828436e-01
-1.065000000000000036e+01 9.400059014084507503e-01
-1.055000000000000071e+01 9.387629577464792208e-01
-1.044999999999999929e+01 9.395685352112678190e-01
-1.034999999999999964e+01 9.391265633802815538e-01
-1.025000000000000000e+01 9.390365492957746252e-01
-1.015000000000000036e+01 9.394013380281688308e-01
-1.005000000000000071e+01 9.396428169014082732e-01
-9.949999999999999289e+00 9.394740985915494003e-01
-9.849999999999999645e+00 9.393571690140849473e-01
-9.750000000000000000e+00 9.388231971830985900e-01
-9.650000000000000355e+00 9.383247464788730952e-01
-9.550000000000000711e+00 9.375602535211265964e-01
-9.449999999999999289e+00 9.367513380281687896e-01
-9.349999999999999645e+00 9.359929436619718324e-01
-9.250000000000000000e+00 9.362105915492959785e-01
-9.150000000000000355e+00 9.352946478873238600e-01
-9.050000000000000711e+00 9.356011126760567231e-01
-8.949999999999999289e+00 9.343685352112673925e-01
-8.849999999999999645e+00 9.344761408450704687e-01
-8.750000000000000000e+00 9.349994647887328592e-01
-8.650000000000000355e+00 9.351923098591544692e-01
-8.550000000000000711e+00 9.351984507042253592e-01
-8.449999999999999289e+00 9.351554507042250108e-01
-8.349999999999999645e+00 9.349259436619719033e-01
-8.250000000000000000e+00 9.350527042253524712e-01
-8.150000000000000355e+00 9.354095070422532299e-01
-8.050000000000000711e+00 9.349587323943662209e-01
-7.950000000000000178e+00 9.348637323943658206e-01
-7.849999999999999645e+00 9.352846056338028902e-01
-7.750000000000000000e+00 9.361413521126761283e-01
-7.650000000000000355e+00 9.361581830985913344e-01
-7.549999999999999822e+00 9.370301830985917624e-01
-7.450000000000000178e+00 9.367847746478875637e-01
-7.349999999999999645e+00 9.362405774647888368e-01
-7.250000000000000000e+00 9.363250422535210893e-01
-7.150000000000000355e+00 9.371906338028167527e-01
-7.049999999999999822e+00 9.380490985915491686e-01
-6.950000000000000178e+00 9.392671549295774636e-01
-6.849999999999999645e+00 9.393464647887325158e-01
-6.750000000000000000e+00 9.389950000000001351e-01
-6.650000000000000355e+00 9.387134366197183999e-01
-6.549999999999999822e+00 9.392342957746480092e-01
-6.450000000000000178e+00 9.392645915492959796e-01
-6.349999999999999645e+00 9.390045915492957196e-01
-6.250000000000000000e+00 9.395414225352106685e-01
-6.150000000000000355e+00 9.386269999999999891e-01
-6.049999999999999822e+00 9.386328169014083178e-01
-5.950000000000000178e+00 9.392948591549298287e-01
-5.849999999999999645e+00 9.383736478873240250e-01
-5.750000000000000000e+00 9.379911408450701815e-01
-5.650000000000000355e+00 9.372076338028171305e-01
-5.549999999999999822e+00 9.358799859154928180e-01
-5.450000000000000178e+00 9.340112816901406934e-01
-5.349999999999999645e+00 9.331657887323944189e-01
-5.250000000000000000e+00 9.339483521126760168e-01
-5.150000000000000355e+00 9.339968309859155715e-01
-5.049999999999999822e+00 9.334074647887323772e-01
-4.950000000000000178e+00 9.337033098591551727e-01
-4.849999999999999645e+00 9.338803661971831760e-01
-4.750000000000000000e+00 9.348984929577464076e-01
-4.650000000000000355e+00 9.356805352112678165e-01
-4.549999999999999822e+00 9.354464647887325013e-01
-4.450000000000000178e+00 9.354942112676059018e-01
-4.349999999999999645e+00 9.364539999999998976e-01
-4.250000000000000000e+00 9.371779999999999555e-01
-4.150000000000000355e+00 9.376058450704228830e-01
-4.049999999999999822e+00 9.377625492957745168e-01
-3.950000000000000178e+00 9.381200563380283075e-01
-3.850000000000000089e+00 9.378156760563384209e-01
-3.750000000000000000e+00 9.382486056338028568e-01
-3.649999999999999911e+00 9.394172112676056896e-01
-3.549999999999999822e+00 9.393374788732393732e-01
-3.450000000000000178e+00 9.387779718309862131e-01
-3.350000000000000089e+00 9.389185915492959111e-01
-3.250000000000000000e+00 9.379258732394367692e-01
-3.149999999999999911e+00 9.365952112676058094e-01
-3.049999999999999822e+00 9.364010985915496299e-01
-2.950000000000000178e+00 9.351387605633803002e-01
-2.850000000000000089e+00 9.333253380281687495e-01
-2.750000000000000000e+00 9.324578873239436350e-01
-2.649999999999999911e+00 9.319738732394367009e-01
-2.549999999999999822e+00 9.328158732394364883e-01
-2.450000000000000178e+00 9.330250563380281248e-01
-2.350000000000000089e+00 9.339348591549295753e-01
-2.250000000000000000e+00 9.350445211267602863e-01
-2.149999999999999911e+00 9.354634366197179807e-01
-2.049999999999999822e+00 9.352153521126762570e-01
-1.949999999999999956e+00 9.358607042253523911e-01
-1.850000000000000089e+00 9.363991549295777039e-01
-1.750000000000000000e+00 9.354173098591553881e-01
-1.649999999999999911e+00 9.353452112676058361e-01
-1.550000000000000044e+00 9.362470281690145057e-01
-1.449999999999999956e+00 9.361644788732392808e-01
-1.350000000000000089e+00 9.361658169014085429e-01
-1.250000000000000000e+00 9.359652957746479318e-01
-1.149999999999999911e+00 9.361266901408449304e-01
-1.050000000000000044e+00 9.363497464788733682e-01
-9.499999999999999556e-01 9.351540985915496318e-01
-8.499999999999999778e-01 9.355837323943659856e-01
-7.500000000000000000e-01 9.349188732394363432e-01
-6.500000000000000222e-01 9.346432676056340982e-01
-5.500000000000000444e-01 9.347132535211266635e-01
-4.500000000000000111e-01 9.332241267605633217e-01
-3.499999999999999778e-01 9.335350422535214632e-01
-2.500000000000000000e-01 9.321696338028169215e-01
-1.499999999999999944e-01 9.325747042253516028e-01
-5.000000000000000278e-02 9.329586197183099561e-01
5.000000000000000278e-02 9.330381408450700853e-01
1.499999999999999944e-01 9.325883098591550846e-01
2.500000000000000000e-01 9.321526056338025334e-01
3.499999999999999778e-01 9.324501267605631583e-01
4.500000000000000111e-01 9.321420422535213746e-01
5.500000000000000444e-01 9.323526338028166327e-01
6.500000000000000222e-01 9.325592394366197802e-01
7.500000000000000000e-01 9.322009577464785979e-01
8.499999999999999778e-01 9.320542676056337017e-01
9.499999999999999556e-01 9.327687605633802059e-01
1.050000000000000044e+00 9.332314366197184130e-01
1.149999999999999911e+00 9.328516478873238871e-01
1.250000000000000000e+00 9.334498309859153853e-01
1.350000000000000089e+00 9.338208169014088345e-01
1.449999999999999956e+00 9.329517042253518966e-01
1.550000000000000044e+00 9.334713661971832943e-01
1.649999999999999911e+00 9.336898450704222974e-01
1.750000000000000000e+00 9.332949154929573998e-01
1.850000000000000089e+00 9.329377042253521601e-01
1.949999999999999956e+00 9.317935492957746257e-01
2.049999999999999822e+00 9.319424929577463379e-01
2.149999999999999911e+00 9.317656197183099565e-01
2.250000000000000000e+00 9.316771126760562405e-01
2.350000000000000089e+00 9.323696619718309098e-01
2.450000000000000178e+00 9.321933521126758437e-01
2.549999999999999822e+00 9.318034788732393325e-01
2.649999999999999911e+00 9.311979154929580504e-01
2.750000000000000000e+00 9.309686478873238080e-01
2.850000000000000089e+00 9.303046619718311483e-01
2.950000000000000178e+00 9.302851971830985445e-01
3.049999999999999822e+00 9.300953380281691274e-01
3.149999999999999911e+00 9.308732676056337141e-01
3.250000000000000000e+00 9.324103521126757554e-01
3.350000000000000089e+00 9.316559436619717971e-01
3.450000000000000178e+00 9.329124929577465863e-01
3.549999999999999822e+00 9.329810140845070654e-01
3.649999999999999911e+00 9.325400563380278340e-01
3.750000000000000000e+00 9.326729999999998633e-01
3.850000000000000089e+00 9.330928309859156666e-01
3.950000000000000178e+00 9.333944929577463467e-01
4.049999999999999822e+00 9.327639999999999265e-01
4.150000000000000355e+00 9.330575352112677745e-01
4.250000000000000000e+00 9.333610845070422490e-01
4.349999999999999645e+00 9.339034507042254241e-01
4.450000000000000178e+00 9.338094929577466230e-01
4.549999999999999822e+00 9.346712253521129998e-01
4.650000000000000355e+00 9.346920845070423312e-01
4.750000000000000000e+00 9.342387887323944096e-01
4.849999999999999645e+00 9.335334929577464580e-01
4.950000000000000178e+00 9.347762253521124665e-01
5.049999999999999822e+00 9.341327323943662275e-01
5.150000000000000355e+00 9.342183098591546608e-01
5.250000000000000000e+00 9.331210845070423421e-01
5.349999999999999645e+00 9.323706197183098121e-01
5.450000000000000178e+00 9.322332112676058324e-01
5.549999999999999822e+00 9.330878732394366493e-01
5.650000000000000355e+00 9.337627605633801453e-01
5.750000000000000000e+00 9.338794225352111678e-01
5.849999999999999645e+00 9.323474788732395435e-01
5.950000000000000178e+00 9.326364084507042795e-01
6.049999999999999822e+00 9.337612112676055842e-01
6.150000000000000355e+00 9.336033661971830933e-01
6.250000000000000000e+00 9.330554507042253531e-01
6.349999999999999645e+00 9.324390281690144722e-01
6.450000000000000178e+00 9.325763098591547395e-01
6.549999999999999822e+00 9.324606478873241899e-01
6.650000000000000355e+00 9.330201549295771279e-01
6.750000000000000000e+00 9.329756338028163398e-01
6.849999999999999645e+00 9.341728028169014042e-01
6.950000000000000178e+00 9.344206901408448340e-01
7.049999999999999822e+00 9.346488732394366838e-01
7.150000000000000355e+00 9.343624507042254113e-01
7.250000000000000000e+00 9.353264084507044718e-01
7.349999999999999645e+00 9.356969154929574151e-01
7.450000000000000178e+00 9.351413802816903598e-01
7.549999999999999822e+00 9.346400704225349410e-01
7.650000000000000355e+00 9.357408591549297716e-01
7.750000000000000000e+00 9.354818169014087470e-01
7.849999999999999645e+00 9.353766478873235535e-01
7.950000000000000178e+00 9.354780281690139310e-01
8.050000000000000711e+00 9.358029436619718089e-01
8.150000000000000355e+00 9.360725211267606483e-01
8.250000000000000000e+00 9.358792112676057595e-01
8.349999999999999645e+00 9.354719859154927430e-01
8.449999999999999289e+00 9.362380422535212521e-01
8.550000000000000711e+00 9.357310845070418992e-01
8.650000000000000355e+00 9.341153239436619238e-01
8.750000000000000000e+00 9.337367464788730587e-01
8.849999999999999645e+00 9.340710985915494646e-01
8.949999999999999289e+00 9.345545915492957656e-01
9.050000000000000711e+00 9.336449436619720377e-01
9.150000000000000355e+00 9.330605633802818710e-01
9.250000000000000000e+00 9.328344507042253264e-01
9.349999999999999645e+00 9.321093661971833200e-01
9.449999999999999289e+00 9.322367464788731128e-01
9.550000000000000711e+00 9.333478309859156719e-01
9.650000000000000355e+00 9.331937042253525272e-01
9.750000000000000000e+00 9.332748309859152380e-01
9.849999999999999645e+00 9.340017323943663463e-01
9.949999999999999289e+00 9.336730985915489001e-01
1.005000000000000071e+01 9.340006197183099435e-01
1.015000000000000036e+01 9.343350281690141479e-01
1.025000000000000000e+01 9.346834366197186439e-01
1.034999999999999964e+01 9.349690985915495300e-01
1.044999999999999929e+01 9.355771690140844976e-01
1.055000000000000071e+01 9.367624929577464954e-01
1.065000000000000036e+01 9.360854929577466788e-01
1.075000000000000000e+01 9.366851267605635911e-01
1.084999999999999964e+01 9.370003802816901928e-01
1.094999999999999929e+01 9.369474647887323648e-01
1.105000000000000071e+01 9.380680281690140232e-01
1.115000000000000036e+01 9.386053521126762611e-01
1.125000000000000000e+01 9.381705211267605815e-01
1.134999999999999964e+01 9.386098732394365651e-01
1.144999999999999929e+01 9.378471690140840478e-01
1.155000000000000071e+01 9.375523239436621692e-01
1.165000000000000036e+01 9.374413802816904395e-01
1.175000000000000000e+01 9.362360000000000682e-01
1.184999999999999964e+01 9.354304225352114699e-01
1.194999999999999929e+01 9.347002535211264007e-01
1.205000000000000071e+01 9.336890845070423550e-01
1.215000000000000036e+01 9.340479859154927622e-01
1.225000000000000000e+01 9.336769436619717366e-01
1.234999999999999964e+01 9.340579295774643631e-01
1.244999999999999929e+01 9.346812535211261874e-01
1.255000000000000071e+01 9.358279718309859829e-01
1.265000000000000036e+01 9.357377183098588569e-01
1.275000000000000000e+01 9.360958309859155335e-01
1.284999999999999964e+01 9.369383661971831811e-01
1.294999999999999929e+01 9.371184507042257250e-01
1.305000000000000071e+01 9.381049154929578249e-01
1.315000000000000036e+01 9.397140704225348529e-01
1.325000000000000000e+01 9.406706760563379177e-01
1.334999999999999964e+01 9.422993943661973626e-01
1.344999999999999929e+01 9.423701549295773194e-01
1.355000000000000071e+01 9.429878450704224369e-01
1.365000000000000036e+01 9.423691971830986391e-01
1.375000000000000000e+01 9.422513239436618449e-01
1.384999999999999964e+01 9.421441408450708099e-01
1.394999999999999929e+01 9.419456338028171505e-01
1.405000000000000071e+01 9.413224084507043621e-01
1.415000000000000036e+01 9.411297605633798247e-01
1.425000000000000000e+01 9.419863943661975769e-01
1.434999999999999964e+01 9.420279295774646178e-01
1.444999999999999929e+01 9.424810000000000132e-01
1.455000000000000071e+01 9.414190845070424807e-01
1.465000000000000036e+01 9.404024366197181184e-01
1.475000000000000000e+01 9.390196056338029340e-01
1.484999999999999964e+01 9.374239859154931409e-01
1.494999999999999929e+01 9.363180140845067667e-01
1.505000000000000071e+01 9.345599999999997243e-01
1.515000000000000036e+01 9.319008732394367112e-01
1.525000000000000000e+01 9.305095070422535475e-01
1.534999999999999964e+01 9.286856478873238840e-01
1.544999999999999929e+01 9.270458873239442177e-01
1.555000000000000071e+01 9.249725774647886700e-01
1.565000000000000036e+01 9.230759577464788812e-01
1.575000000000000000e+01 9.221899436619717116e-01
1.584999999999999964e+01 9.211981830985916941e-01
1.594999999999999929e+01 9.206684647887324324e-01
1.605000000000000071e+01 9.199498591549293280e-01
1.614999999999999858e+01 9.186604225352117403e-01
1.625000000000000000e+01 9.177217183098593800e-01
1.635000000000000142e+01 9.156588028169015958e-01
1.644999999999999929e+01 9.149671690140841473e-01
1.655000000000000071e+01 9.129415492957749789e-01
1.664999999999999858e+01 9.101619154929578848e-01
1.675000000000000000e+01 9.064981830985916478e-01
1.685000000000000142e+01 9.013485492957744594e-01
1.694999999999999929e+01 8.954484788732393064e-01
1.705000000000000071e+01 8.889345633802816504e-01
1.714999999999999858e+01 8.803198732394365011e-01
1.725000000000000000e+01 8.707266760563379115e-01
1.735000000000000142e+01 8.578432957746483511e-01
1.744999999999999929e+01 8.427305070422536071e-01
1.755000000000000071e+01 8.276736760563379036e-01
1.764999999999999858e+01 8.094856619718310276e-01
1.775000000000000000e+01 7.903728450704228248e-01
1.785000000000000142e+01 7.702924366197180239e-01
1.794999999999999929e+01 7.479279436619716837e-01
1.805000000000000071e+01 7.235340140845067936e-01
1.814999999999999858e+01 6.985324366197183110e-01
1.825000000000000000e+01 6.721177183098591135e-01
1.835000000000000142e+01 6.448216619718307729e-01
1.844999999999999929e+01 6.162284929577469539e-01
1.855000000000000071e+01 5.876340422535212271e-01
1.864999999999999858e+01 5.578961126760562106e-01
1.875000000000000000e+01 5.277669718309857538e-01
1.885000000000000142e+01 4.986354929577466177e-01
1.894999999999999929e+01 4.678890563380280754e-01
1.905000000000000071e+01 4.375924647887325936e-01
1.914999999999999858e+01 4.087054366197183652e-01
1.925000000000000000e+01 3.800467464788733762e-01
1.935000000000000142e+01 3.522598873239435879e-01
1.944999999999999929e+01 3.243164084507041411e-01
1.955000000000000071e+01 2.978150704225352441e-01
1.964999999999999858e+01 2.723015633802816637e-01
1.975000000000000000e+01 2.482250281690141225e-01
1.985000000000000142e+01 2.251115774647886869e-01
1.994999999999999929e+01 2.037972394366197315e-01
2.005000000000000071e+01 1.838983084507042620e-01
2.014999999999999858e+01 1.652231830985916028e-01
2.025000000000000000e+01 1.480219676056337974e-01
2.035000000000000142e+01 1.322162211267605414e-01
2.044999999999999929e+01 1.175798676056337977e-01
2.055000000000000071e+01 1.037756450704225564e-01
2.064999999999999858e+01 9.153867464788735531e-02
2.075000000000000000e+01 8.047446619718308380e-02
2.085000000000000142e+01 7.025080845070422186e-02
2.094999999999999929e+01 6.144472253521126442e-02
2.105000000000000071e+01 5.320311971830985615e-02
2.114999999999999858e+01 4.603453380281689877e-02
2.125000000000000000e+01 3.957037464788731862e-02
2.135000000000000142e+01 3.394272450704226285e-02
2.144999999999999929e+01 2.910099380281689838e-02
2.155000000000000071e+01 2.494117690140845028e-02
2.164999999999999858e+01 2.130245042253521917e-02
2.175000000000000000e+01 1.799382295774647200e-02
2.185000000000000142e+01 1.529502929577465295e-02
2.194999999999999929e+01 1.296572901408450836e-02
2.205000000000000071e+01 1.091599183098591365e-02
2.214999999999999858e+01 9.160067183098592747e-03
2.225000000000000000e+01 7.610986619718313265e-03
2.235000000000000142e+01 6.322443239436620344e-03
2.244999999999999929e+01 5.262911971830984068e-03
2.255000000000000071e+01 4.337960295774647909e-03
2.264999999999999858e+01 3.582770042253519572e-03
2.275000000000000000e+01 3.007520380281690758e-03
2.285000000000000142e+01 2.503670098591549362e-03
2.294999999999999929e+01 2.083469056338028546e-03
2.305000000000000071e+01 1.732125154929577355e-03
2.314999999999999858e+01 1.426521690140845119e-03
2.325000000000000000e+01 1.174242154929577668e-03
2.335000000000000142e+01 9.784913943661972032e-04
2.344999999999999929e+01 8.181812957746480109e-04
2.355000000000000071e+01 6.871874507042252623e-04
2.364999999999999858e+01 5.706710112676054722e-04
2.375000000000000000e+01 4.990309366197183318e-04
2.385000000000000142e+01 4.281702788732392952e-04
2.394999999999999929e+01 3.461226070422535723e-04
2.405000000000000071e+01 2.910838550704224854e-04
2.414999999999999858e+01 2.301721933802816276e-04
2.425000000000000000e+01 2.125767042253521514e-04
2.435000000000000142e+01 1.827958682394365648e-04
2.444999999999999929e+01 1.497086164788732638e-04
2.455000000000000071e+01 1.312340554929577335e-04
2.464999999999999858e+01 1.252681563661972195e-04
2.475000000000000000e+01 1.199695641690140936e-04
2.485000000000000142e+01 1.092519117887323947e-04
2.494999999999999929e+01 1.054923340563380241e-04
2.505000000000000071e+01 8.563402676056339723e-05
2.514999999999999858e+01 9.121394830985918268e-05
2.525000000000000000e+01 8.352718022535214062e-05
2.535000000000000142e+01 8.724899179154933446e-05
2.544999999999999929e+01 8.130675463380280404e-05
2.555000000000000071e+01 7.528276295774650247e-05
2.564999999999999858e+01 7.803674459154928895e-05
2.575000000000000000e+01 7.391321794366195990e-05
2.585000000000000142e+01 7.372159143661971190e-05
2.594999999999999929e+01 6.848305953521128923e-05
2.605000000000000071e+01 7.112064804225350946e-05
2.614999999999999858e+01 7.367332314084509360e-05
2.625000000000000000e+01 7.129891081690142732e-05
2.635000000000000142e+01 6.608802570422535046e-05
2.644999999999999929e+01 6.268803952112676173e-05
2.655000000000000071e+01 6.529047323943660424e-05
2.664999999999999858e+01 6.032554901408449541e-05
2.675000000000000000e+01 6.673182239436621134e-05
2.685000000000000142e+01 7.538039492957747118e-05
2.694999999999999929e+01 6.652181938028167848e-05
2.705000000000000071e+01 5.871308970422534914e-05
2.714999999999999858e+01 6.083094804225351886e-05
2.725000000000000000e+01 6.786081711267604182e-05
2.735000000000000142e+01 5.929946821126761108e-05
2.744999999999999929e+01 6.407622814084507025e-05
2.755000000000000071e+01 5.923790084507040999e-05
2.764999999999999858e+01 5.719851267605633561e-05
2.775000000000000000e+01 5.891086239436620889e-05
2.785000000000000142e+01 5.719848743661971662e-05
2.794999999999999929e+01 5.697360978873239193e-05
2.805000000000000071e+01 6.335152823943663225e-05
2.814999999999999858e+01 5.467923283098591900e-05
2.825000000000000000e+01 5.594721370422534805e-05
2.835000000000000142e+01 5.286383987323944222e-05
2.844999999999999929e+01 5.486786821126761102e-05
2.855000000000000071e+01 5.642915577746479160e-05
2.864999999999999858e+01 5.196244035211267207e-05
2.875000000000000000e+01 5.420745239436618813e-05
2.885000000000000142e+01 5.486645902816901082e-05
2.894999999999999929e+01 5.932073422535211519e-05
2.905000000000000071e+01 6.002360183098593024e-05
2.914999999999999858e+01 6.248709999999999334e-05
2.925000000000000000e+01 6.420342732394366777e-05
2.935000000000000142e+01 5.618383887323944153e-05
2.944999999999999929e+01 5.280432321126760298e-05
2.955000000000000071e+01 5.139044138028169001e-05
2.964999999999999858e+01 5.146308577464788083e-05
2.975000000000000000e+01 5.628773521126761048e-05
2.985000000000000142e+01 5.745339577464789768e-05
2.994999999999999929e+01 5.483160549295774472e-05
3.005000000000000071e+01 4.951081154929576762e-05
3.014999999999999858e+01 4.748913042253521082e-05
3.025000000000000000e+01 4.626579195774648467e-05
3.035000000000000142e+01 4.676423422535210759e-05
3.044999999999999929e+01 4.764508121126761190e-05
3.055000000000000071e+01 4.779847861971831983e-05
3.064999999999999858e+01 4.436946154929576644e-05
3.075000000000000000e+01 4.320317028169014218e-05
3.085000000000000142e+01 3.912023090140844483e-05
3.094999999999999929e+01 3.608964887323944072e-05
3.105000000000000071e+01 3.284013226760563818e-05
3.114999999999999858e+01 3.684188732394365936e-05
3.125000000000000000e+01 3.844289577464789394e-05
3.135000000000000142e+01 3.465395211267605563e-05
3.144999999999999929e+01 3.992462394366196797e-05
3.155000000000000071e+01 4.400064788732394174e-05
3.164999999999999858e+01 4.293507042253520245e-05
3.175000000000000000e+01 4.409832112676055583e-05
3.185000000000000142e+01 4.122734225352112076e-05
3.194999999999999929e+01 3.733907605633802888e-05
3.204999999999999716e+01 3.993889338028168830e-05
3.214999999999999858e+01 4.028527225352112386e-05
3.225000000000000000e+01 4.296368267605633895e-05
3.235000000000000142e+01 3.989285704225351475e-05
3.245000000000000284e+01 4.029830450704225466e-05
3.254999999999999716e+01 4.557749563380281951e-05
3.264999999999999858e+01 4.371380323943662707e-05
3.275000000000000000e+01 4.411926042253520982e-05
3.285000000000000142e+01 4.366231690140845174e-05
3.295000000000000284e+01 4.033384056338028121e-05
3.304999999999999716e+01 3.649168571830986585e-05
3.314999999999999858e+01 3.399733549295774879e-05
3.325000000000000000e+01 3.249202028169014564e-05
3.335000000000000142e+01 4.128930436619718031e-05
3.345000000000000284e+01 4.617709957746478567e-05
3.354999999999999716e+01 4.593498450704225301e-05
3.364999999999999858e+01 5.019634225352112247e-05
3.375000000000000000e+01 4.644629563380282041e-05
3.385000000000000142e+01 4.417142971830985979e-05
3.395000000000000284e+01 5.071731014084507598e-05
3.404999999999999716e+01 5.184909711267605953e-05
3.414999999999999858e+01 5.003762321126760116e-05
3.425000000000000000e+01 5.003217819718310200e-05
3.435000000000000142e+01 5.186659121126759920e-05
3.445000000000000284e+01 5.109805000000000114e-05
3.454999999999999716e+01 5.153735023943661940e-05
3.464999999999999858e+01 5.179836619718309926e-05
3.475000000000000000e+01 4.945347887323943843e-05
3.485000000000000142e+01 5.264995774647887572e-05
3.495000000000000284e+01 4.989102816901409181e-05
3.504999999999999716e+01 4.686994225352112667e-05
3.514999999999999858e+01 4.895316901408450384e-05
3.525000000000000000e+01 5.491966338028169022e-05
3.535000000000000142e+01 4.723561267605633652e-05
3.545000000000000284e+01 4.416522253521127495e-05
3.554999999999999716e+01 4.550830563380281078e-05
3.564999999999999858e+01 4.241611690140845679e-05
3.575000000000000000e+01 4.691144507042253192e-05
3.585000000000000142e+01 4.745565492957746112e-05
3.595000000000000284e+01 4.921859014084506808e-05
3.604999999999999716e+01 5.747068591549295285e-05
3.614999999999999858e+01 5.206334788732394842e-05
3.625000000000000000e+01 5.444270563380281794e-05
3.635000000000000142e+01 5.561402154929576775e-05
3.645000000000000284e+01 4.881627999999999402e-05
3.654999999999999716e+01 5.016438535211266951e-05
3.664999999999999858e+01 5.801054690140845311e-05
3.675000000000000000e+01 6.163782409859156570e-05
3.685000000000000142e+01 6.363898547887324533e-05
3.695000000000000284e+01 6.545281898591548517e-05
3.704999999999999716e+01 6.345439121126759691e-05
3.714999999999999858e+01 5.914108483098591302e-05
3.725000000000000000e+01 6.325508859154930174e-05
3.735000000000000142e+01 6.087940295774648661e-05
3.745000000000000284e+01 6.100328416901407651e-05
3.754999999999999716e+01 5.600273594366196519e-05
3.764999999999999858e+01 5.848196776056337524e-05
3.775000000000000000e+01 6.334989577464787756e-05
3.785000000000000142e+01 6.200263380281690435e-05
3.795000000000000284e+01 6.484505774647888370e-05
3.804999999999999716e+01 6.514777605633802573e-05
3.814999999999999858e+01 6.152254929577464875e-05
3.825000000000000000e+01 6.298869056338028335e-05
3.835000000000000142e+01 6.347764676056337474e-05
3.845000000000000284e+01 5.880794507042254245e-05
3.854999999999999716e+01 5.675409295774646630e-05
3.864999999999999858e+01 5.957695774647886548e-05
3.875000000000000000e+01 5.847527183098592129e-05
3.885000000000000142e+01 5.937247901408450150e-05
3.895000000000000284e+01 6.532536718309859864e-05
3.904999999999999716e+01 6.289101126760564134e-05
3.914999999999999858e+01 6.510868309859155429e-05
3.925000000000000000e+01 7.013962253521126126e-05
3.935000000000000142e+01 6.301343521126760608e-05
3.945000000000000284e+01 5.624296338028168482e-05
3.954999999999999716e+01 5.831476338028168080e-05
3.964999999999999858e+01 6.950000422535211912e-05
3.975000000000000000e+01 7.221657464788731353e-05
3.985000000000000142e+01 7.601246760563379616e-05
3.995000000000000284e+01 7.799649295774648504e-05
4.004999999999999716e+01 7.694261971830985460e-05
4.014999999999999858e+01 7.568729577464789263e-05
4.025000000000000000e+01 7.777621126760564580e-05
4.035000000000000142e+01 8.374711267605634770e-05
4.045000000000000284e+01 8.331784507042253626e-05
4.054999999999999716e+01 8.625449295774647272e-05
4.064999999999999858e+01 8.951936619718309945e-05
4.075000000000000000e+01 9.263035211267605165e-05
4.085000000000000142e+01 9.293867605633802421e-05
4.095000000000000284e+01 8.736530985915493723e-05
4.104999999999999716e+01 7.812398591549294703e-05
4.114999999999999858e+01 8.238540845070421281e-05
4.125000000000000000e+01 8.372092957746479921e-05
4.135000000000000142e+01 7.817015492957745987e-05
4.145000000000000284e+01 8.112711267605633551e-05
4.154999999999999716e+01 7.690390140845070868e-05
4.164999999999999858e+01 7.437471830985916061e-05
4.175000000000000000e+01 7.453361971830985784e-05
4.185000000000000142e+01 7.366873239436619639e-05
4.195000000000000284e+01 7.778609859154928918e-05
4.204999999999999716e+01 7.741321126760563589e-05
4.214999999999999858e+01 7.637345070422536049e-05
4.225000000000000000e+01 6.923952112676056510e-05
4.235000000000000142e+01 6.456576056338029026e-05
4.245000000000000284e+01 6.032200000000000284e-05
4.254999999999999716e+01 6.666092957746479653e-05
4.264999999999999858e+01 6.567209859154930318e-05
4.275000000000000000e+01 7.394366197183098173e-05
4.285000000000000142e+01 7.324916901408450975e-05
4.295000000000000284e+01 7.266928169014083626e-05
4.304999999999999716e+01 7.022466197183098566e-05
4.314999999999999858e+01 7.443626760563379591e-05
4.325000000000000000e+01 6.969214084507041173e-05
4.335000000000000142e+01 6.567659154929576652e-05
4.345000000000000284e+01 5.863257746478873209e-05
4.354999999999999716e+01 6.747707042253521244e-05
4.364999999999999858e+01 7.295190140845071670e-05
4.375000000000000000e+01 7.532080281690140802e-05
4.385000000000000142e+01 7.587408450704225915e-05
4.395000000000000284e+01 8.150056338028169181e-05
4.404999999999999716e+01 8.079701408450704471e-05
4.414999999999999858e+01 7.431633802816901163e-05
4.425000000000000000e+01 7.447554929577465839e-05
4.435000000000000142e+01 7.696270422535211799e-05
4.445000000000000284e+01 7.302535211267605216e-05
4.454999999999999716e+01 6.621988732394366167e-05
4.464999999999999858e+01 6.638954929577464128e-05
4.475000000000000000e+01 7.639909859154929721e-05
4.485000000000000142e+01 8.050963380281689504e-05
4.495000000000000284e+01 8.515423943661971961e-05
4.504999999999999716e+01 8.073414084507041883e-05
4.514999999999999858e+01 7.875211267605633199e-05
4.525000000000000000e+01 7.717384507042252190e-05
4.535000000000000142e+01 7.486407042253521472e-05
4.545000000000000284e+01 7.239205633802817650e-05
4.554999999999999716e+01 6.999535211267604899e-05
4.564999999999999858e+01 7.412074647887323701e-05
4.575000000000000000e+01 8.182967605633803283e-05
4.585000000000000142e+01 8.130871830985915893e-05
4.595000000000000284e+01 7.683840845070422001e-05
4.604999999999999716e+01 8.402828169014084727e-05
4.614999999999999858e+01 8.135047887323944152e-05
4.625000000000000000e+01 7.869481690140844540e-05
4.635000000000000142e+01 8.052832394366197361e-05
4.645000000000000284e+01 7.910070422535211683e-05
4.654999999999999716e+01 8.045188732394365687e-05
4.664999999999999858e+01 8.531295774647887115e-05
4.675000000000000000e+01 8.548259154929577306e-05
4.685000000000000142e+01 8.558654929577465416e-05
4.695000000000000284e+01 8.728756338028169587e-05
4.704999999999999716e+01 8.167276056338028758e-05
4.714999999999999858e+01 7.780053521126761905e-05
4.725000000000000000e+01 7.372130985915493031e-05
4.735000000000000142e+01 7.366181690140844124e-05
4.745000000000000284e+01 6.677369014084507217e-05
4.754999999999999716e+01 5.892523943661971713e-05
4.764999999999999858e+01 6.052750704225352563e-05
4.775000000000000000e+01 6.141809859154928597e-05
4.785000000000000142e+01 6.585405633802816558e-05
4.795000000000000284e+01 6.777381690140844611e-05
4.804999999999999716e+01 6.247821126760564421e-05
4.814999999999999858e+01 5.485608450704225134e-05
4.825000000000000000e+01 6.244194366197182715e-05
4.835000000000000142e+01 5.848008530985916178e-05
4.845000000000000284e+01 6.301159463380281978e-05
4.854999999999999716e+01 7.020370007042253614e-05
4.864999999999999858e+01 7.112604266197183835e-05
4.875000000000000000e+01 6.806505030985914972e-05
4.885000000000000142e+01 6.574149376056338031e-05
4.895000000000000284e+01 7.103553957746478072e-05
4.904999999999999716e+01 6.958841098591549157e-05
4.914999999999999858e+01 6.483518873239437592e-05
4.925000000000000000e+01 7.383758591549295365e-05
4.935000000000000142e+01 6.807249859154930818e-05
4.945000000000000284e+01 7.443361690140845306e-05
4.954999999999999716e+01 7.405587042253521796e-05
4.964999999999999858e+01 6.480782816901407069e-05
4.975000000000000000e+01 6.855429718309858603e-05
4.985000000000000142e+01 7.415263380281690152e-05
4.995000000000000284e+01 6.787907042253521299e-05
5.004999999999999716e+01 6.474439436619718480e-05
5.014999999999999858e+01 6.357077464788732932e-05
5.025000000000000000e+01 6.403291549295774150e-05
5.035000000000000142e+01 5.617446478873238487e-05
5.045000000000000284e+01 5.338561971830985635e-05
5.054999999999999716e+01 5.739747887323942878e-05
5.064999999999999858e+01 5.593530985915492814e-05
5.075000000000000000e+01 5.412219718309858575e-05
5.085000000000000142e+01 5.423860563380281764e-05
5.095000000000000284e+01 5.066081690140845597e-05
5.104999999999999716e+01 5.145426760563380486e-05
5.114999999999999858e+01 5.431160563380282185e-05
5.125000000000000000e+01 4.774301408450704574e-05
5.135000000000000142e+01 5.102754929577464843e-05
5.145000000000000284e+01 4.713704507042253193e-05
5.154999999999999716e+01 4.645033802816901110e-05
5.164999999999999858e+01 4.813145070422534866e-05
5.175000000000000000e+01 5.081329577464789327e-05
5.185000000000000142e+01 5.073540845070422276e-05
5.195000000000000284e+01 4.871173239436619122e-05
5.204999999999999716e+01 4.461157746478873199e-05
5.214999999999999858e+01 4.559263380281690392e-05
5.225000000000000000e+01 4.237932394366197684e-05
5.235000000000000142e+01 4.535377464788732400e-05
5.245000000000000284e+01 4.918716901408451550e-05
5.254999999999999716e+01 4.556660563380281664e-05
5.264999999999999858e+01 5.005566197183098276e-05
5.275000000000000000e+01 4.954491549295774740e-05
5.285000000000000142e+01 4.934471830985915800e-05
5.295000000000000284e+01 4.604473239436620473e-05
5.304999999999999716e+01 4.518535211267606122e-05
5.314999999999999858e+01 4.695854929577465741e-05
5.325000000000000000e+01 4.805178591549296075e-05
5.335000000000000142e+01 4.947228169014084812e-05
5.345000000000000284e+01 4.487601408450704084e-05
5.354999999999999716e+01 4.725773239436620142e-05
5.364999999999999858e+01 4.403835211267606017e-05
5.375000000000000000e+01 5.336774647887323428e-05
5.385000000000000142e+01 5.582504225352112500e-05
5.395000000000000284e+01 5.852580281690140365e-05
5.404999999999999716e+01 4.312625352112676037e-05
5.414999999999999858e+01 4.029780281690141487e-05
5.425000000000000000e+01 4.302343661971831738e-05
5.435000000000000142e+01 4.420701408450705114e-05
5.445000000000000284e+01 4.021761971830985639e-05
5.454999999999999716e+01 3.407405633802816831e-05
5.464999999999999858e+01 3.523036619718310474e-05
5.475000000000000000e+01 3.777898591549295977e-05
5.485000000000000142e+01 3.557135211267605467e-05
5.495000000000000284e+01 3.724818309859154549e-05
5.504999999999999716e+01 3.488274647887324440e-05
5.514999999999999858e+01 3.454480281690141082e-05
5.525000000000000000e+01 3.448109859154928960e-05
5.535000000000000142e+01 3.302695774647887743e-05
5.545000000000000284e+01 3.528646478873239783e-05
5.554999999999999716e+01 3.886550704225352873e-05
5.564999999999999858e+01 3.314471830985915048e-05
5.575000000000000000e+01 3.014380281690140332e-05
5.585000000000000142e+01 2.642974647887323910e-05
