#Coor		Free	+/-		Prob		+/-
-34.883721	1.437692	0.006559	0.001872	0.000021
-34.651163	1.433253	0.006246	0.001886	0.000020
-34.418605	1.441008	0.007244	0.001861	0.000023
-34.186047	1.448402	0.007293	0.001838	0.000022
-33.953488	1.454748	0.006591	0.001819	0.000020
-33.720930	1.446122	0.007893	0.001845	0.000024
-33.488372	1.444288	0.005069	0.001851	0.000016
-33.255814	1.447509	0.006448	0.001841	0.000020
-33.023256	1.442904	0.005848	0.001855	0.000018
-32.790698	1.435957	0.008788	0.001877	0.000028
-32.558140	1.427949	0.007830	0.001902	0.000025
-32.325581	1.422911	0.008120	0.001919	0.000026
-32.093023	1.432813	0.007062	0.001887	0.000022
-31.860465	1.439000	0.007575	0.001867	0.000024
-31.627907	1.425011	0.007143	0.001912	0.000023
-31.395349	1.427229	0.007901	0.001905	0.000025
-31.162791	1.440378	0.007211	0.001863	0.000023
-30.930233	1.443955	0.007891	0.001852	0.000024
-30.697674	1.430419	0.007460	0.001895	0.000024
-30.465116	1.419030	0.009750	0.001931	0.000032
-30.232558	1.426358	0.009896	0.001908	0.000032
-30.000000	1.435117	0.007256	0.001880	0.000023
-29.767442	1.426997	0.007894	0.001905	0.000025
-29.534884	1.423577	0.006625	0.001916	0.000021
-29.302326	1.424262	0.007580	0.001914	0.000024
-29.069767	1.430145	0.005054	0.001895	0.000016
-28.837209	1.432706	0.006109	0.001887	0.000019
-28.604651	1.423317	0.004123	0.001917	0.000013
-28.372093	1.421563	0.004831	0.001923	0.000016
-28.139535	1.427159	0.003325	0.001905	0.000011
-27.906977	1.423994	0.004040	0.001915	0.000013
-27.674419	1.415754	0.004486	0.001942	0.000015
-27.441860	1.410263	0.002448	0.001960	0.000008
-27.209302	1.408651	0.003907	0.001965	0.000013
-26.976744	1.410020	0.004831	0.001961	0.000016
-26.744186	1.393920	0.004238	0.002014	0.000014
-26.511628	1.379694	0.005249	0.002063	0.000018
-26.279070	1.373470	0.005119	0.002085	0.000018
-26.046512	1.366881	0.006032	0.002108	0.000021
-25.813953	1.343421	0.005017	0.002193	0.000018
-25.581395	1.311359	0.004855	0.002314	0.000019
-25.348837	1.288459	0.005219	0.002405	0.000021
-25.116279	1.266161	0.005524	0.002497	0.000023
-24.883721	1.236234	0.006280	0.002626	0.000028
-24.651163	1.191150	0.006851	0.002833	0.000033
-24.418605	1.145690	0.006624	0.003058	0.000034
-24.186047	1.096087	0.004386	0.003323	0.000025
-23.953488	1.040877	0.006123	0.003647	0.000038
-23.720930	0.973831	0.005810	0.004082	0.000040
-23.488372	0.893855	0.007014	0.004669	0.000055
-23.255814	0.817819	0.005773	0.005306	0.000051
-23.023256	0.741938	0.005080	0.006027	0.000051
-22.790698	0.661493	0.004879	0.006900	0.000057
-22.558140	0.563932	0.006152	0.008130	0.000084
-22.325581	0.477922	0.005709	0.009395	0.000090
-22.093023	0.398569	0.005553	0.010735	0.000100
-21.860465	0.320017	0.005694	0.012251	0.000117
-21.627907	0.243382	0.004853	0.013935	0.000113
-21.395349	0.180836	0.003983	0.015480	0.000103
-21.162791	0.130463	0.004655	0.016848	0.000132
-20.930233	0.089736	0.004802	0.018042	0.000145
-20.697674	0.044830	0.005520	0.019456	0.000181
-20.465116	0.018921	0.004714	0.020322	0.000160
-20.232558	0.004106	0.005224	0.020835	0.000182
-20.000000	0.003953	0.002680	0.020840	0.000093
-19.767442	0.000028	0.004037	0.020978	0.000142
-19.534884	0.020846	0.003499	0.020257	0.000119
-19.302326	0.070744	0.004265	0.018627	0.000133
-19.069767	0.133907	0.003180	0.016751	0.000089
-18.837209	0.198161	0.003537	0.015036	0.000089
-18.604651	0.272972	0.002848	0.013259	0.000063
-18.372093	0.377304	0.002242	0.011126	0.000042
-18.139535	0.491770	0.001487	0.009178	0.000023
-17.906977	0.604360	0.001949	0.007596	0.000025
-17.674419	0.730538	0.001894	0.006144	0.000019
-17.441860	0.865996	0.002290	0.004893	0.000019
-17.209302	1.007620	0.003431	0.003856	0.000022
-16.976744	1.149638	0.002516	0.003037	0.000013
-16.744186	1.288026	0.002597	0.002407	0.000010
-16.511628	1.445862	0.003217	0.001846	0.000010
-16.279070	1.607285	0.003142	0.001407	0.000007
-16.046512	1.763767	0.003763	0.001082	0.000007
-15.813953	1.899277	0.002131	0.000861	0.000003
-15.581395	2.030264	0.003173	0.000691	0.000004
-15.348837	2.155196	0.003543	0.000560	0.000003
-15.116279	2.262707	0.003778	0.000468	0.000003
-14.883721	2.341360	0.004198	0.000410	0.000003
-14.651163	2.398915	0.004125	0.000372	0.000003
-14.418605	2.435509	0.004415	0.000350	0.000003
-14.186047	2.466914	0.002965	0.000332	0.000002
-13.953488	2.476432	0.003943	0.000326	0.000002
-13.720930	2.460434	0.005259	0.000335	0.000003
-13.488372	2.438345	0.002966	0.000348	0.000002
-13.255814	2.418936	0.004090	0.000360	0.000002
-13.023256	2.401165	0.003927	0.000371	0.000002
-12.790698	2.384442	0.004504	0.000381	0.000003
-12.558140	2.367672	0.003714	0.000392	0.000002
-12.325581	2.352637	0.003496	0.000402	0.000002
-12.093023	2.335758	0.003133	0.000414	0.000002
-11.860465	2.312145	0.003855	0.000430	0.000003
-11.627907	2.300645	0.004422	0.000439	0.000003
-11.395349	2.293809	0.004207	0.000444	0.000003
-11.162791	2.286701	0.004401	0.000449	0.000003
-10.930233	2.283141	0.004893	0.000452	0.000004
-10.697674	2.278194	0.003929	0.000456	0.000003
-10.465116	2.277495	0.004748	0.000456	0.000004
-10.232558	2.274424	0.004080	0.000458	0.000003
-10.000000	2.273715	0.003966	0.000459	0.000003
-9.767442	2.271364	0.004025	0.000461	0.000003
-9.534884	2.273414	0.004744	0.000459	0.000004
-9.302326	2.280066	0.004500	0.000454	0.000003
-9.069767	2.284773	0.005184	0.000451	0.000004
-8.837209	2.282996	0.005375	0.000452	0.000004
-8.604651	2.285800	0.004377	0.000450	0.000003
-8.372093	2.288083	0.005332	0.000448	0.000004
-8.139535	2.298623	0.004341	0.000440	0.000003
-7.906977	2.298841	0.005325	0.000440	0.000004
-7.674419	2.298550	0.004207	0.000440	0.000003
-7.441860	2.295581	0.004668	0.000442	0.000003
-7.209302	2.295640	0.006479	0.000442	0.000005
-6.976744	2.299047	0.003234	0.000440	0.000002
-6.744186	2.301702	0.004299	0.000438	0.000003
-6.511628	2.300232	0.004547	0.000439	0.000003
-6.279070	2.302537	0.004248	0.000437	0.000003
-6.046512	2.303576	0.003920	0.000437	0.000003
-5.813953	2.298016	0.004665	0.000441	0.000003
-5.581395	2.290894	0.004118	0.000446	0.000003
-5.348837	2.300496	0.004543	0.000439	0.000003
-5.116279	2.306661	0.004383	0.000434	0.000003
-4.883721	2.310440	0.003488	0.000432	0.000003
-4.651163	2.312804	0.005118	0.000430	0.000004
-4.418605	2.317134	0.003848	0.000427	0.000003
-4.186047	2.310972	0.004504	0.000431	0.000003
-3.953488	2.305472	0.003759	0.000435	0.000003
-3.720930	2.302270	0.004076	0.000438	0.000003
-3.488372	2.304660	0.003220	0.000436	0.000002
-3.255814	2.310357	0.003742	0.000432	0.000003
-3.023256	2.316629	0.003255	0.000427	0.000002
-2.790698	2.322265	0.003506	0.000423	0.000003
-2.558140	2.321584	0.001686	0.000424	0.000001
-2.325581	2.327904	0.002617	0.000419	0.000002
-2.093023	2.329680	0.002582	0.000418	0.000002
-1.860465	2.337280	0.003460	0.000413	0.000002
-1.627907	2.336198	0.003070	0.000413	0.000002
-1.395349	2.334390	0.003326	0.000415	0.000002
-1.162791	2.339512	0.002562	0.000411	0.000002
-0.930233	2.336511	0.002626	0.000413	0.000002
-0.697674	2.335060	0.002440	0.000414	0.000002
-0.465116	2.335477	0.002684	0.000414	0.000002
-0.232558	2.333842	0.003372	0.000415	0.000002
0.000000	2.331751	0.004278	0.000416	0.000003
0.232558	2.333842	0.003983	0.000415	0.000003
0.465116	2.335477	0.004310	0.000414	0.000003
0.697674	2.335060	0.003247	0.000414	0.000002
0.930233	2.336508	0.005472	0.000413	0.000004
1.162791	2.339516	0.004508	0.000411	0.000003
1.395349	2.334394	0.003211	0.000415	0.000002
1.627907	2.336190	0.005704	0.000413	0.000004
1.860465	2.337280	0.004626	0.000413	0.000003
2.093023	2.329677	0.004119	0.000418	0.000003
2.325581	2.327909	0.005715	0.000419	0.000004
2.558140	2.321597	0.004786	0.000424	0.000003
2.790698	2.322258	0.005646	0.000423	0.000004
3.023256	2.316634	0.004860	0.000427	0.000003
3.255814	2.310346	0.005556	0.000432	0.000004
3.488372	2.304672	0.006640	0.000436	0.000005
3.720930	2.302270	0.004535	0.000438	0.000003
3.953488	2.305465	0.005256	0.000435	0.000004
4.186047	2.310976	0.004755	0.000431	0.000003
4.418605	2.317130	0.005066	0.000427	0.000004
4.651163	2.312813	0.005080	0.000430	0.000004
4.883721	2.310445	0.006329	0.000432	0.000005
5.116279	2.306658	0.004420	0.000434	0.000003
5.348837	2.300492	0.006440	0.000439	0.000005
5.581395	2.290897	0.005636	0.000446	0.000004
5.813953	2.298016	0.005933	0.000441	0.000004
6.046512	2.303572	0.004874	0.000437	0.000004
6.279070	2.302544	0.004670	0.000437	0.000003
6.511628	2.300223	0.006162	0.000439	0.000005
6.744186	2.301701	0.004921	0.000438	0.000004
6.976744	2.299043	0.004403	0.000440	0.000003
7.209302	2.295635	0.005960	0.000442	0.000004
7.441860	2.295599	0.005183	0.000442	0.000004
7.674419	2.298537	0.006375	0.000440	0.000005
7.906977	2.298840	0.005023	0.000440	0.000004
8.139535	2.298622	0.005048	0.000440	0.000004
8.372093	2.288092	0.003773	0.000448	0.000003
8.604651	2.285784	0.004242	0.000450	0.000003
8.837209	2.282997	0.004515	0.000452	0.000003
9.069767	2.284771	0.005218	0.000451	0.000004
9.302326	2.280064	0.004355	0.000454	0.000003
9.534884	2.273415	0.004892	0.000459	0.000004
9.767442	2.271362	0.004725	0.000461	0.000004
10.000000	2.273707	0.005640	0.000459	0.000004
10.232558	2.274416	0.004940	0.000458	0.000004
10.465116	2.277488	0.004746	0.000456	0.000004
10.697674	2.278210	0.004557	0.000456	0.000004
10.930233	2.283148	0.004247	0.000452	0.000003
11.162791	2.286674	0.004271	0.000449	0.000003
11.395349	2.293817	0.003777	0.000444	0.000003
11.627907	2.300660	0.006567	0.000439	0.000005
11.860465	2.312157	0.005208	0.000430	0.000004
12.093023	2.335777	0.004519	0.000414	0.000003
12.325581	2.352619	0.005030	0.000402	0.000003
12.558140	2.367671	0.005746	0.000392	0.000004
12.790698	2.384447	0.005629	0.000381	0.000004
13.023256	2.401154	0.004785	0.000371	0.000003
13.255814	2.418959	0.007138	0.000360	0.000004
13.488372	2.438335	0.004241	0.000348	0.000002
13.720930	2.460407	0.005555	0.000335	0.000003
13.953488	2.476470	0.004561	0.000326	0.000003
14.186047	2.466916	0.004621	0.000332	0.000003
14.418605	2.435475	0.005686	0.000350	0.000003
14.651163	2.398945	0.004688	0.000372	0.000003
14.883721	2.341482	0.006338	0.000410	0.000004
15.116279	2.262555	0.006184	0.000468	0.000005
15.348837	2.155191	0.006131	0.000560	0.000006
15.581395	2.030265	0.003835	0.000691	0.000004
15.813953	1.899262	0.004562	0.000861	0.000007
16.046512	1.763807	0.004224	0.001082	0.000008
16.279070	1.607232	0.005714	0.001407	0.000014
16.511628	1.445858	0.003846	0.001846	0.000012
16.744186	1.287995	0.004251	0.002407	0.000017
16.976744	1.149589	0.004675	0.003038	0.000024
17.209302	1.007647	0.004082	0.003856	0.000027
17.441860	0.865943	0.004266	0.004893	0.000035
17.674419	0.730512	0.004829	0.006144	0.000050
17.906977	0.604373	0.004097	0.007596	0.000053
18.139535	0.491799	0.005124	0.009178	0.000079
18.372093	0.377269	0.005581	0.011127	0.000105
18.604651	0.272944	0.004188	0.013259	0.000094
18.837209	0.198165	0.005087	0.015035	0.000129
19.069767	0.133917	0.004562	0.016750	0.000129
19.302326	0.070738	0.003621	0.018627	0.000114
19.534884	0.020837	0.004022	0.020257	0.000137
19.767442	0.000000	0.004883	0.020979	0.000172
20.000000	0.003941	0.005344	0.020841	0.000187
20.232558	0.004123	0.005280	0.020834	0.000185
20.465116	0.018872	0.003550	0.020324	0.000121
20.697674	0.044823	0.005311	0.019457	0.000175
20.930233	0.089702	0.005527	0.018043	0.000168
21.162791	0.130495	0.004578	0.016847	0.000130
21.395349	0.180816	0.005215	0.015480	0.000136
21.627907	0.243354	0.004098	0.013936	0.000097
21.860465	0.320054	0.003162	0.012250	0.000065
22.093023	0.398543	0.002854	0.010736	0.000052
22.325581	0.477939	0.004162	0.009394	0.000066
22.558140	0.563957	0.005178	0.008130	0.000071
22.790698	0.661501	0.005300	0.006900	0.000062
23.023256	0.741975	0.005903	0.006027	0.000060
23.255814	0.817844	0.003596	0.005305	0.000032
23.488372	0.893871	0.006042	0.004669	0.000048
23.720930	0.973839	0.006196	0.004082	0.000043
23.953488	1.040927	0.005827	0.003646	0.000036
24.186047	1.096079	0.005759	0.003323	0.000032
24.418605	1.145722	0.004961	0.003057	0.000026
24.651163	1.191163	0.003318	0.002833	0.000016
24.883721	1.236365	0.004741	0.002625	0.000021
25.116279	1.266039	0.004630	0.002498	0.000019
25.348837	1.288479	0.005133	0.002405	0.000021
25.581395	1.311352	0.004382	0.002314	0.000017
25.813953	1.343394	0.004369	0.002193	0.000016
26.046512	1.366887	0.004017	0.002108	0.000014
26.279070	1.373470	0.003972	0.002085	0.000014
26.511628	1.379674	0.004329	0.002063	0.000015
26.744186	1.393937	0.004088	0.002014	0.000014
26.976744	1.410021	0.004424	0.001961	0.000015
27.209302	1.408663	0.004247	0.001965	0.000014
27.441860	1.410256	0.006030	0.001960	0.000020
27.674419	1.415830	0.003989	0.001942	0.000013
27.906977	1.423914	0.004738	0.001915	0.000015
28.139535	1.427172	0.005273	0.001905	0.000017
28.372093	1.421541	0.004797	0.001923	0.000016
28.604651	1.423248	0.006808	0.001918	0.000022
28.837209	1.432695	0.006131	0.001887	0.000019
29.069767	1.430100	0.006569	0.001896	0.000021
29.302326	1.424235	0.005747	0.001914	0.000019
29.534884	1.423571	0.007280	0.001916	0.000023
29.767442	1.426902	0.007513	0.001906	0.000024
30.000000	1.435096	0.006811	0.001880	0.000022
30.232558	1.426319	0.007723	0.001908	0.000025
30.465116	1.418995	0.006583	0.001931	0.000021
30.697674	1.430395	0.009046	0.001895	0.000029
30.930233	1.443906	0.008939	0.001852	0.000028
31.162791	1.440338	0.009428	0.001863	0.000029
31.395349	1.427225	0.005508	0.001905	0.000018
31.627907	1.425025	0.005959	0.001912	0.000019
31.860465	1.439004	0.005025	0.001867	0.000016
32.093023	1.432812	0.004838	0.001887	0.000015
32.325581	1.422897	0.006035	0.001919	0.000019
32.558140	1.427965	0.004422	0.001902	0.000014
32.790698	1.435937	0.004573	0.001877	0.000014
33.023256	1.442905	0.006152	0.001855	0.000019
33.255814	1.447519	0.005465	0.001841	0.000017
33.488372	1.444301	0.005489	0.001851	0.000017
33.720930	1.446116	0.005537	0.001845	0.000017
33.953488	1.454778	0.005453	0.001819	0.000017
34.186047	1.448418	0.006365	0.001838	0.000020
34.418605	1.441039	0.005627	0.001861	0.000018
34.651163	1.433206	0.004593	0.001886	0.000015
34.883721	1.437675	0.005864	0.001872	0.000019
#Window		Free	+/-	
#0	0.000000	0.000000
#1	-0.400477	0.000973
#2	-0.410238	0.001185
#3	-0.418953	0.001768
#4	-0.415905	0.002942
#5	-0.422071	0.003802
#6	-0.422526	0.003356
#7	-0.428536	0.003243
#8	-0.448276	0.003798
#9	-0.499142	0.004795
#10	-0.611026	0.005412
#11	-0.818234	0.006013
#12	-1.137989	0.005795
#13	-1.491180	0.005579
#14	-1.744704	0.005246
#15	-1.834689	0.005519
#16	-1.694402	0.003866
#17	-1.311637	0.005100
#18	-0.757931	0.005259
#19	-0.122319	0.005552
#20	0.406667	0.006288
#21	0.600607	0.006731
#22	0.550003	0.006889
#23	0.477821	0.007481
#24	0.435687	0.008001
#25	0.424740	0.007889
#26	0.432746	0.007904
#27	0.445475	0.007961
#28	0.448812	0.007411
#29	0.450040	0.007839
#30	0.457043	0.007612
#31	0.458460	0.007224
#32	0.466100	0.007258
#33	0.481740	0.007398
#34	0.486453	0.007615
#35	0.484043	0.008377
#36	0.486453	0.009033
#37	0.481740	0.009502
#38	0.466101	0.010310
#39	0.458460	0.010264
#40	0.457044	0.010364
#41	0.450039	0.010041
#42	0.448810	0.010037
#43	0.445474	0.009733
#44	0.432744	0.009646
#45	0.424736	0.010108
#46	0.435687	0.009693
#47	0.477828	0.010021
#48	0.550004	0.010323
#49	0.600610	0.009768
#50	0.406658	0.010439
#51	-0.122330	0.010084
#52	-0.757952	0.009460
#53	-1.311642	0.009449
#54	-1.694407	0.009486
#55	-1.834701	0.010200
#56	-1.744715	0.010369
#57	-1.491179	0.009726
#58	-1.137968	0.010461
#59	-0.818213	0.010991
#60	-0.611015	0.010007
#61	-0.499149	0.009285
#62	-0.448271	0.009688
#63	-0.428548	0.009968
#64	-0.422559	0.010851
#65	-0.422111	0.011806
#66	-0.415933	0.012543
#67	-0.418954	0.010387
#68	-0.410237	0.011004
#69	-0.400465	0.010567
#70	-0.000017	0.008747
#71	0.130641	0.006973
#72	0.070682	0.007472
#73	0.029762	0.007864
#74	0.016700	0.007892
#75	0.021223	0.007883
#76	0.030777	0.007856
#77	0.036173	0.007609
#78	0.038689	0.007632
#79	0.043465	0.007609
#80	0.047607	0.007341
#81	0.055038	0.007222
#82	0.067024	0.007395
#83	0.072563	0.007717
#84	0.072704	0.008309
#85	0.072563	0.008974
#86	0.067024	0.009564
#87	0.055039	0.010166
#88	0.047608	0.010331
#89	0.043465	0.010295
#90	0.038689	0.010108
#91	0.036172	0.009964
#92	0.030776	0.009758
#93	0.021220	0.009720
#94	0.016698	0.009945
#95	0.029763	0.009891
#96	0.070685	0.010018
#97	0.130643	0.010143
#98	-0.448421	0.007746
#99	-0.439425	0.007592
#100	-0.428726	0.007429
#101	-0.415676	0.007596
#102	-0.409279	0.008395
#103	-0.415675	0.009456
#104	-0.428726	0.010076
#105	-0.439425	0.010064
#106	-0.448422	0.009866
#107	0.000000	0.000000
#108	-0.400477	0.000973
#109	-0.410238	0.001185
#110	-0.418953	0.001768
#111	-0.415905	0.002942
#112	-0.422071	0.003802
#113	-0.422526	0.003356
#114	-0.428536	0.003243
#115	-0.448276	0.003798
#116	-0.499142	0.004795
#117	-0.611026	0.005412
#118	-0.818234	0.006013
#119	-1.137989	0.005795
#120	-1.491180	0.005579
#121	-1.744704	0.005246
#122	-1.834689	0.005519
#123	-1.694402	0.003866
#124	-1.311637	0.005100
#125	-0.757931	0.005259
#126	-0.122319	0.005552
#127	0.406667	0.006288
#128	0.600607	0.006731
#129	0.550003	0.006889
#130	0.477821	0.007481
#131	0.435687	0.008001
#132	0.424740	0.007889
#133	0.432746	0.007904
#134	0.445475	0.007961
#135	0.448812	0.007411
#136	0.450040	0.007839
#137	0.457043	0.007612
#138	0.458460	0.007224
#139	0.466100	0.007258
#140	0.481740	0.007398
#141	0.486453	0.007615
#142	0.484043	0.008377
#143	0.486453	0.009033
#144	0.481740	0.009502
#145	0.466101	0.010310
#146	0.458460	0.010264
#147	0.457044	0.010364
#148	0.450039	0.010041
#149	0.448810	0.010037
#150	0.445474	0.009733
#151	0.432744	0.009646
#152	0.424736	0.010108
#153	0.435687	0.009693
#154	0.477828	0.010021
#155	0.550004	0.010323
#156	0.600610	0.009768
#157	0.406658	0.010439
#158	-0.122330	0.010084
#159	-0.757952	0.009460
#160	-1.311642	0.009449
#161	-1.694407	0.009486
#162	-1.834701	0.010200
#163	-1.744715	0.010369
#164	-1.491179	0.009726
#165	-1.137968	0.010461
#166	-0.818213	0.010991
#167	-0.611015	0.010007
#168	-0.499149	0.009285
#169	-0.448271	0.009688
#170	-0.428548	0.009968
#171	-0.422559	0.010851
#172	-0.422111	0.011806
#173	-0.415933	0.012543
#174	-0.418954	0.010387
#175	-0.410237	0.011004
#176	-0.400465	0.010567
#177	-0.000017	0.008747
#178	0.130641	0.006973
#179	0.070682	0.007472
#180	0.029762	0.007864
#181	0.016700	0.007892
#182	0.021223	0.007883
#183	0.030777	0.007856
#184	0.036173	0.007609
#185	0.038689	0.007632
#186	0.043465	0.007609
#187	0.047607	0.007341
#188	0.055038	0.007222
#189	0.067024	0.007395
#190	0.072563	0.007717
#191	0.072704	0.008309
#192	0.072563	0.008974
#193	0.067024	0.009564
#194	0.055039	0.010166
#195	0.047608	0.010331
#196	0.043465	0.010295
#197	0.038689	0.010108
#198	0.036172	0.009964
#199	0.030776	0.009758
#200	0.021220	0.009720
#201	0.016698	0.009945
#202	0.029763	0.009891
#203	0.070685	0.010018
#204	0.130643	0.010143
#205	-0.448421	0.007746
#206	-0.439425	0.007592
#207	-0.428726	0.007429
#208	-0.415676	0.007596
#209	-0.409279	0.008395
#210	-0.415675	0.009456
#211	-0.428726	0.010076
#212	-0.439425	0.010064
#213	-0.448422	0.009866
