#Coor		Free	+/-		Prob		+/-
-34.883721	1.325169	0.006805	0.002063	0.000024
-34.651163	1.320096	0.008516	0.002080	0.000030
-34.418605	1.314159	0.006646	0.002101	0.000024
-34.186047	1.320312	0.008298	0.002080	0.000029
-33.953488	1.322025	0.007777	0.002074	0.000027
-33.720930	1.307131	0.008520	0.002126	0.000030
-33.488372	1.302494	0.009511	0.002143	0.000034
-33.255814	1.296874	0.009719	0.002163	0.000035
-33.023256	1.305528	0.011145	0.002132	0.000040
-32.790698	1.303535	0.009416	0.002139	0.000034
-32.558140	1.281053	0.011032	0.002221	0.000041
-32.325581	1.285584	0.009841	0.002205	0.000036
-32.093023	1.289486	0.009148	0.002190	0.000034
-31.860465	1.296693	0.010178	0.002164	0.000037
-31.627907	1.291625	0.007673	0.002182	0.000028
-31.395349	1.284090	0.009285	0.002210	0.000035
-31.162791	1.305149	0.005206	0.002133	0.000019
-30.930233	1.308360	0.005003	0.002122	0.000018
-30.697674	1.301991	0.007373	0.002145	0.000027
-30.465116	1.298402	0.007648	0.002158	0.000028
-30.232558	1.299594	0.006965	0.002153	0.000025
-30.000000	1.305892	0.006453	0.002131	0.000023
-29.767442	1.295233	0.003665	0.002169	0.000013
-29.534884	1.283725	0.006446	0.002211	0.000024
-29.302326	1.281903	0.005039	0.002218	0.000019
-29.069767	1.280330	0.005771	0.002224	0.000021
-28.837209	1.281789	0.003987	0.002219	0.000015
-28.604651	1.293197	0.003089	0.002177	0.000011
-28.372093	1.306933	0.004714	0.002127	0.000017
-28.139535	1.310516	0.004271	0.002114	0.000015
-27.906977	1.307349	0.004517	0.002125	0.000016
-27.674419	1.301824	0.004136	0.002145	0.000015
-27.441860	1.292971	0.003361	0.002177	0.000012
-27.209302	1.292875	0.002798	0.002178	0.000010
-26.976744	1.284792	0.002423	0.002207	0.000009
-26.744186	1.273323	0.003157	0.002250	0.000012
-26.511628	1.254951	0.001768	0.002321	0.000007
-26.279070	1.244389	0.002756	0.002363	0.000011
-26.046512	1.235573	0.002953	0.002398	0.000012
-25.813953	1.206903	0.003373	0.002516	0.000014
-25.581395	1.171686	0.001990	0.002670	0.000009
-25.348837	1.140977	0.002692	0.002811	0.000013
-25.116279	1.119719	0.003269	0.002913	0.000016
-24.883721	1.086572	0.002934	0.003080	0.000015
-24.651163	1.038619	0.001508	0.003339	0.000008
-24.418605	0.979824	0.003666	0.003686	0.000023
-24.186047	0.932050	0.002363	0.003994	0.000016
-23.953488	0.871787	0.003292	0.004420	0.000024
-23.720930	0.799217	0.004255	0.004993	0.000035
-23.488372	0.712922	0.003643	0.005773	0.000035
-23.255814	0.637948	0.004042	0.006548	0.000044
-23.023256	0.566803	0.003499	0.007380	0.000043
-22.790698	0.484026	0.004176	0.008482	0.000059
-22.558140	0.398666	0.005001	0.009791	0.000081
-22.325581	0.323552	0.003046	0.011109	0.000056
-22.093023	0.257086	0.004288	0.012422	0.000089
-21.860465	0.188862	0.003492	0.013931	0.000081
-21.627907	0.116289	0.004368	0.015739	0.000115
-21.395349	0.059154	0.003759	0.017325	0.000109
-21.162791	0.035362	0.003431	0.018032	0.000103
-20.930233	0.020871	0.003484	0.018477	0.000108
-20.697674	0.007229	0.003221	0.018906	0.000102
-20.465116	0.000000	0.003963	0.019137	0.000127
-20.232558	0.006948	0.003773	0.018915	0.000119
-20.000000	0.016055	0.003947	0.018627	0.000123
-19.767442	0.035677	0.004337	0.018023	0.000131
-19.534884	0.069200	0.003606	0.017035	0.000103
-19.302326	0.122014	0.004235	0.015588	0.000110
-19.069767	0.191683	0.004119	0.013865	0.000095
-18.837209	0.264210	0.003705	0.012274	0.000076
-18.604651	0.340712	0.004844	0.010793	0.000087
-18.372093	0.431917	0.003184	0.009259	0.000049
-18.139535	0.527031	0.002895	0.007891	0.000038
-17.906977	0.625714	0.004810	0.006684	0.000054
-17.674419	0.737679	0.004136	0.005538	0.000038
-17.441860	0.872082	0.003967	0.004418	0.000029
-17.209302	1.020933	0.003203	0.003440	0.000018
-16.976744	1.167912	0.004642	0.002687	0.000021
-16.744186	1.314400	0.003706	0.002100	0.000013
-16.511628	1.474054	0.003377	0.001606	0.000009
-16.279070	1.634490	0.004593	0.001226	0.000009
-16.046512	1.784635	0.004814	0.000953	0.000008
-15.813953	1.921640	0.003968	0.000757	0.000005
-15.581395	2.047612	0.004451	0.000612	0.000005
-15.348837	2.163312	0.004441	0.000504	0.000004
-15.116279	2.257079	0.003987	0.000431	0.000003
-14.883721	2.324719	0.003125	0.000384	0.000002
-14.651163	2.370865	0.004148	0.000356	0.000002
-14.418605	2.404840	0.004234	0.000336	0.000002
-14.186047	2.432499	0.003407	0.000321	0.000002
-13.953488	2.444054	0.003188	0.000314	0.000002
-13.720930	2.437261	0.003659	0.000318	0.000002
-13.488372	2.417650	0.004527	0.000329	0.000002
-13.255814	2.402809	0.003878	0.000337	0.000002
-13.023256	2.396266	0.003176	0.000341	0.000002
-12.790698	2.382868	0.003043	0.000349	0.000002
-12.558140	2.366848	0.003549	0.000358	0.000002
-12.325581	2.352262	0.003507	0.000367	0.000002
-12.093023	2.340419	0.004011	0.000374	0.000003
-11.860465	2.333686	0.003409	0.000379	0.000002
-11.627907	2.319396	0.003876	0.000388	0.000003
-11.395349	2.307008	0.004108	0.000396	0.000003
-11.162791	2.301161	0.003069	0.000400	0.000002
-10.930233	2.291881	0.002942	0.000406	0.000002
-10.697674	2.281658	0.001114	0.000413	0.000001
-10.465116	2.272643	0.003758	0.000419	0.000003
-10.232558	2.266981	0.003515	0.000423	0.000002
-10.000000	2.263173	0.002625	0.000426	0.000002
-9.767442	2.262370	0.002454	0.000427	0.000002
-9.534884	2.260397	0.001390	0.000428	0.000001
-9.302326	2.262947	0.004514	0.000426	0.000003
-9.069767	2.267659	0.002649	0.000423	0.000002
-8.837209	2.283471	0.003802	0.000412	0.000003
-8.604651	2.293000	0.002319	0.000405	0.000002
-8.372093	2.302377	0.003066	0.000399	0.000002
-8.139535	2.312795	0.001378	0.000392	0.000001
-7.906977	2.311071	0.003501	0.000393	0.000002
-7.674419	2.318743	0.003364	0.000388	0.000002
-7.441860	2.317811	0.002851	0.000389	0.000002
-7.209302	2.321368	0.003013	0.000386	0.000002
-6.976744	2.319777	0.003566	0.000388	0.000002
-6.744186	2.310434	0.003295	0.000394	0.000002
-6.511628	2.304425	0.002475	0.000398	0.000002
-6.279070	2.313188	0.001832	0.000392	0.000001
-6.046512	2.323260	0.001349	0.000385	0.000001
-5.813953	2.329005	0.002541	0.000382	0.000002
-5.581395	2.327440	0.001515	0.000383	0.000001
-5.348837	2.327161	0.002163	0.000383	0.000001
-5.116279	2.327110	0.002495	0.000383	0.000002
-4.883721	2.324429	0.003414	0.000385	0.000002
-4.651163	2.318372	0.002789	0.000388	0.000002
-4.418605	2.318648	0.002317	0.000388	0.000002
-4.186047	2.317769	0.002164	0.000389	0.000001
-3.953488	2.322779	0.002175	0.000386	0.000001
-3.720930	2.324585	0.002602	0.000384	0.000002
-3.488372	2.328963	0.002162	0.000382	0.000001
-3.255814	2.332229	0.001792	0.000379	0.000001
-3.023256	2.339605	0.003278	0.000375	0.000002
-2.790698	2.339352	0.003586	0.000375	0.000002
-2.558140	2.340546	0.003526	0.000374	0.000002
-2.325581	2.345260	0.002211	0.000371	0.000001
-2.093023	2.351258	0.002669	0.000368	0.000002
-1.860465	2.349212	0.002818	0.000369	0.000002
-1.627907	2.351065	0.003577	0.000368	0.000002
-1.395349	2.352581	0.002387	0.000367	0.000001
-1.162791	2.356989	0.002717	0.000364	0.000002
-0.930233	2.359064	0.002795	0.000363	0.000002
-0.697674	2.357045	0.003151	0.000364	0.000002
-0.465116	2.350141	0.002975	0.000368	0.000002
-0.232558	2.341970	0.002631	0.000373	0.000002
0.000000	2.342433	0.003371	0.000373	0.000002
0.232558	2.341970	0.003437	0.000373	0.000002
0.465116	2.350144	0.002560	0.000368	0.000002
0.697674	2.357046	0.003343	0.000364	0.000002
0.930233	2.359067	0.003443	0.000363	0.000002
1.162791	2.356989	0.003540	0.000364	0.000002
1.395349	2.352581	0.002452	0.000367	0.000002
1.627907	2.351062	0.002175	0.000368	0.000001
1.860465	2.349212	0.003588	0.000369	0.000002
2.093023	2.351252	0.004040	0.000368	0.000002
2.325581	2.345264	0.002663	0.000371	0.000002
2.558140	2.340550	0.003066	0.000374	0.000002
2.790698	2.339349	0.002837	0.000375	0.000002
3.023256	2.339609	0.003348	0.000375	0.000002
3.255814	2.332233	0.003991	0.000379	0.000003
3.488372	2.328964	0.003956	0.000382	0.000003
3.720930	2.324579	0.003873	0.000384	0.000002
3.953488	2.322777	0.003190	0.000386	0.000002
4.186047	2.317776	0.005058	0.000389	0.000003
4.418605	2.318646	0.004243	0.000388	0.000003
4.651163	2.318376	0.003269	0.000388	0.000002
4.883721	2.324445	0.002425	0.000384	0.000002
5.116279	2.327091	0.004085	0.000383	0.000003
5.348837	2.327165	0.003598	0.000383	0.000002
5.581395	2.327441	0.004079	0.000383	0.000003
5.813953	2.329009	0.004253	0.000382	0.000003
6.046512	2.323258	0.003624	0.000385	0.000002
6.279070	2.313191	0.003248	0.000392	0.000002
6.511628	2.304422	0.002714	0.000398	0.000002
6.744186	2.310434	0.003479	0.000394	0.000002
6.976744	2.319783	0.003073	0.000388	0.000002
7.209302	2.321358	0.003720	0.000386	0.000002
7.441860	2.317805	0.003250	0.000389	0.000002
7.674419	2.318750	0.003005	0.000388	0.000002
7.906977	2.311072	0.002674	0.000393	0.000002
8.139535	2.312799	0.002485	0.000392	0.000002
8.372093	2.302381	0.003009	0.000399	0.000002
8.604651	2.292997	0.002919	0.000405	0.000002
8.837209	2.283484	0.004428	0.000412	0.000003
9.069767	2.267644	0.002348	0.000423	0.000002
9.302326	2.262947	0.003950	0.000426	0.000003
9.534884	2.260404	0.003953	0.000428	0.000003
9.767442	2.262371	0.003233	0.000427	0.000002
10.000000	2.263158	0.003664	0.000426	0.000003
10.232558	2.266991	0.002989	0.000423	0.000002
10.465116	2.272653	0.002561	0.000419	0.000002
10.697674	2.281650	0.003345	0.000413	0.000002
10.930233	2.291883	0.003156	0.000406	0.000002
11.162791	2.301169	0.003570	0.000400	0.000002
11.395349	2.306979	0.002904	0.000396	0.000002
11.627907	2.319422	0.003559	0.000388	0.000002
11.860465	2.333697	0.003640	0.000379	0.000002
12.093023	2.340408	0.003482	0.000374	0.000002
12.325581	2.352288	0.003584	0.000367	0.000002
12.558140	2.366837	0.003666	0.000358	0.000002
12.790698	2.382879	0.005080	0.000349	0.000003
13.023256	2.396273	0.002937	0.000341	0.000002
13.255814	2.402846	0.004575	0.000337	0.000003
13.488372	2.417640	0.003475	0.000329	0.000002
13.720930	2.437287	0.004042	0.000318	0.000002
13.953488	2.444016	0.004691	0.000314	0.000002
14.186047	2.432527	0.003250	0.000321	0.000002
14.418605	2.404854	0.004168	0.000336	0.000002
14.651163	2.370851	0.004056	0.000356	0.000002
14.883721	2.324856	0.004289	0.000384	0.000003
15.116279	2.256922	0.003599	0.000431	0.000003
15.348837	2.163291	0.003796	0.000504	0.000003
15.581395	2.047575	0.002780	0.000612	0.000003
15.813953	1.921682	0.002728	0.000757	0.000003
16.046512	1.784605	0.002509	0.000953	0.000004
16.279070	1.634440	0.002748	0.001226	0.000006
16.511628	1.474034	0.002400	0.001606	0.000007
16.744186	1.314359	0.004285	0.002100	0.000015
16.976744	1.167888	0.003288	0.002687	0.000015
17.209302	1.020923	0.002991	0.003440	0.000017
17.441860	0.872030	0.002881	0.004418	0.000021
17.674419	0.737642	0.003644	0.005538	0.000034
17.906977	0.625680	0.003174	0.006685	0.000036
18.139535	0.526988	0.002369	0.007891	0.000032
18.372093	0.431869	0.002526	0.009259	0.000039
18.604651	0.340692	0.002740	0.010793	0.000050
18.837209	0.264187	0.002237	0.012274	0.000046
19.069767	0.191684	0.003289	0.013865	0.000077
19.302326	0.121997	0.002481	0.015589	0.000065
19.534884	0.069195	0.003159	0.017036	0.000091
19.767442	0.035669	0.002642	0.018023	0.000080
20.000000	0.016050	0.003344	0.018627	0.000105
20.232558	0.006884	0.002353	0.018917	0.000075
20.465116	0.000017	0.002332	0.019136	0.000075
20.697674	0.007216	0.002238	0.018906	0.000071
20.930233	0.020837	0.002555	0.018478	0.000080
21.162791	0.035368	0.002422	0.018032	0.000074
21.395349	0.059176	0.003333	0.017325	0.000097
21.627907	0.116252	0.003308	0.015740	0.000088
21.860465	0.188884	0.003390	0.013931	0.000080
22.093023	0.257065	0.003812	0.012422	0.000080
22.325581	0.323556	0.004366	0.011109	0.000082
22.558140	0.398682	0.004839	0.009791	0.000080
22.790698	0.483988	0.005345	0.008483	0.000077
23.023256	0.566813	0.005677	0.007380	0.000071
23.255814	0.637917	0.005612	0.006549	0.000062
23.488372	0.712947	0.004509	0.005773	0.000044
23.720930	0.799210	0.005173	0.004993	0.000044
23.953488	0.871793	0.005029	0.004420	0.000038
24.186047	0.932061	0.003974	0.003994	0.000027
24.418605	0.979819	0.004948	0.003686	0.000031
24.651163	1.038625	0.004405	0.003339	0.000025
24.883721	1.086689	0.005488	0.003080	0.000029
25.116279	1.119598	0.005149	0.002914	0.000025
25.348837	1.140951	0.003718	0.002811	0.000018
25.581395	1.171678	0.003684	0.002670	0.000017
25.813953	1.206860	0.004167	0.002516	0.000018
26.046512	1.235582	0.003757	0.002398	0.000015
26.279070	1.244357	0.004601	0.002363	0.000018
26.511628	1.254905	0.003990	0.002321	0.000016
26.744186	1.273327	0.003731	0.002250	0.000014
26.976744	1.284750	0.004799	0.002208	0.000018
27.209302	1.292880	0.003439	0.002178	0.000013
27.441860	1.292945	0.003381	0.002177	0.000012
27.674419	1.301817	0.003943	0.002145	0.000014
27.906977	1.307331	0.002579	0.002125	0.000009
28.139535	1.310516	0.003015	0.002114	0.000011
28.372093	1.306912	0.002068	0.002127	0.000007
28.604651	1.293206	0.002238	0.002176	0.000008
28.837209	1.281791	0.003039	0.002219	0.000011
29.069767	1.280310	0.005995	0.002224	0.000023
29.302326	1.281880	0.004650	0.002218	0.000018
29.534884	1.283754	0.002906	0.002211	0.000011
29.767442	1.295211	0.001991	0.002169	0.000007
30.000000	1.305870	0.002776	0.002131	0.000010
30.232558	1.299618	0.003835	0.002153	0.000014
30.465116	1.298389	0.003668	0.002158	0.000013
30.697674	1.301972	0.003449	0.002145	0.000013
30.930233	1.308294	0.004159	0.002122	0.000015
31.162791	1.305141	0.003322	0.002133	0.000012
31.395349	1.284115	0.004360	0.002210	0.000016
31.627907	1.291576	0.003591	0.002182	0.000013
31.860465	1.296643	0.004019	0.002164	0.000015
32.093023	1.289420	0.002841	0.002190	0.000011
32.325581	1.285599	0.005665	0.002205	0.000021
32.558140	1.280988	0.005325	0.002222	0.000020
32.790698	1.303507	0.004997	0.002139	0.000018
33.023256	1.305486	0.007815	0.002132	0.000028
33.255814	1.296908	0.006908	0.002163	0.000025
33.488372	1.302425	0.007593	0.002143	0.000028
33.720930	1.307109	0.006727	0.002126	0.000024
33.953488	1.321985	0.005041	0.002074	0.000018
34.186047	1.320273	0.006413	0.002080	0.000023
34.418605	1.314122	0.006310	0.002101	0.000022
34.651163	1.320046	0.007466	0.002080	0.000026
34.883721	1.325108	0.009044	0.002063	0.000031
#Window		Free	+/-	
#0	0.000000	0.000000
#1	-0.416698	0.002654
#2	-0.434872	0.003893
#3	-0.443184	0.003263
#4	-0.433473	0.001912
#5	-0.436532	0.002601
#6	-0.447653	0.005647
#7	-0.430406	0.005829
#8	-0.453143	0.006519
#9	-0.516728	0.007312
#10	-0.645222	0.007724
#11	-0.872274	0.008893
#12	-1.194481	0.009595
#13	-1.511539	0.008751
#14	-1.699693	0.008252
#15	-1.704726	0.008670
#16	-1.522271	0.009214
#17	-1.159872	0.009196
#18	-0.625943	0.009234
#19	0.016838	0.009471
#20	0.516752	0.009525
#21	0.688695	0.009597
#22	0.658134	0.008907
#23	0.603990	0.008446
#24	0.560203	0.007456
#25	0.532149	0.007255
#26	0.542360	0.006873
#27	0.576295	0.007233
#28	0.582104	0.006702
#29	0.587184	0.006522
#30	0.590364	0.006985
#31	0.588592	0.006737
#32	0.602863	0.005941
#33	0.614808	0.006183
#34	0.621167	0.006899
#35	0.612061	0.006182
#36	0.621168	0.006010
#37	0.614807	0.006909
#38	0.602865	0.007026
#39	0.588593	0.007202
#40	0.590365	0.006487
#41	0.587185	0.007443
#42	0.582102	0.006889
#43	0.576297	0.006366
#44	0.542360	0.005653
#45	0.532149	0.004854
#46	0.560202	0.004512
#47	0.603996	0.004380
#48	0.658145	0.004275
#49	0.688700	0.004383
#50	0.516737	0.004915
#51	0.016815	0.005984
#52	-0.625974	0.006885
#53	-1.159909	0.007321
#54	-1.522285	0.007797
#55	-1.704742	0.007761
#56	-1.699701	0.007896
#57	-1.511543	0.008504
#58	-1.194488	0.008978
#59	-0.872269	0.008661
#60	-0.645226	0.008921
#61	-0.516750	0.009250
#62	-0.453162	0.010065
#63	-0.430417	0.008736
#64	-0.447660	0.008889
#65	-0.436538	0.007971
#66	-0.433495	0.006091
#67	-0.443221	0.007903
#68	-0.434899	0.009721
#69	-0.416735	0.010316
#70	-0.000052	0.012454
#71	0.238838	0.008933
#72	0.192927	0.008307
#73	0.150887	0.007629
#74	0.127870	0.007254
#75	0.135117	0.007023
#76	0.158130	0.006929
#77	0.169039	0.006759
#78	0.174043	0.006662
#79	0.177073	0.006800
#80	0.179570	0.006605
#81	0.189970	0.006150
#82	0.201016	0.006255
#83	0.205304	0.006578
#84	0.203896	0.006345
#85	0.205305	0.006259
#86	0.201016	0.006720
#87	0.189971	0.007019
#88	0.179571	0.006970
#89	0.177074	0.006839
#90	0.174043	0.007107
#91	0.169039	0.006895
#92	0.158131	0.006304
#93	0.135118	0.005579
#94	0.127871	0.004887
#95	0.150888	0.004533
#96	0.192932	0.004387
#97	0.238846	0.004323
#98	0.000000	0.000000
#99	-0.416698	0.002654
#100	-0.434872	0.003893
#101	-0.443184	0.003263
#102	-0.433473	0.001912
#103	-0.436532	0.002601
#104	-0.447653	0.005647
#105	-0.430406	0.005829
#106	-0.453143	0.006519
#107	-0.516728	0.007312
#108	-0.645222	0.007724
#109	-0.872274	0.008893
#110	-1.194481	0.009595
#111	-1.511539	0.008751
#112	-1.699693	0.008252
#113	-1.704726	0.008670
#114	-1.522271	0.009214
#115	-1.159872	0.009196
#116	-0.625943	0.009234
#117	0.016838	0.009471
#118	0.516752	0.009525
#119	0.688695	0.009597
#120	0.658134	0.008907
#121	0.603990	0.008446
#122	0.560203	0.007456
#123	0.532149	0.007255
#124	0.542360	0.006873
#125	0.576295	0.007233
#126	0.582104	0.006702
#127	0.587184	0.006522
#128	0.590364	0.006985
#129	0.588592	0.006737
#130	0.602863	0.005941
#131	0.614808	0.006183
#132	0.621167	0.006899
#133	0.612061	0.006182
#134	0.621168	0.006010
#135	0.614807	0.006909
#136	0.602865	0.007026
#137	0.588593	0.007202
#138	0.590365	0.006487
#139	0.587185	0.007443
#140	0.582102	0.006889
#141	0.576297	0.006366
#142	0.542360	0.005653
#143	0.532149	0.004854
#144	0.560202	0.004512
#145	0.603996	0.004380
#146	0.658145	0.004275
#147	0.688700	0.004383
#148	0.516737	0.004915
#149	0.016815	0.005984
#150	-0.625974	0.006885
#151	-1.159909	0.007321
#152	-1.522285	0.007797
#153	-1.704742	0.007761
#154	-1.699701	0.007896
#155	-1.511543	0.008504
#156	-1.194488	0.008978
#157	-0.872269	0.008661
#158	-0.645226	0.008921
#159	-0.516750	0.009250
#160	-0.453162	0.010065
#161	-0.430417	0.008736
#162	-0.447660	0.008889
#163	-0.436538	0.007971
#164	-0.433495	0.006091
#165	-0.443221	0.007903
#166	-0.434899	0.009721
#167	-0.416735	0.010316
#168	-0.000052	0.012454
#169	0.238838	0.008933
#170	0.192927	0.008307
#171	0.150887	0.007629
#172	0.127870	0.007254
#173	0.135117	0.007023
#174	0.158130	0.006929
#175	0.169039	0.006759
#176	0.174043	0.006662
#177	0.177073	0.006800
#178	0.179570	0.006605
#179	0.189970	0.006150
#180	0.201016	0.006255
#181	0.205304	0.006578
#182	0.203896	0.006345
#183	0.205305	0.006259
#184	0.201016	0.006720
#185	0.189971	0.007019
#186	0.179571	0.006970
#187	0.177074	0.006839
#188	0.174043	0.007107
#189	0.169039	0.006895
#190	0.158131	0.006304
#191	0.135118	0.005579
#192	0.127871	0.004887
#193	0.150888	0.004533
#194	0.192932	0.004387
#195	0.238846	0.004323
